19
4.08635,0.142699,-20,1,2,3,4,5,6
-7.2822,50.3816,-20,7,8,2,0,6,18
50.8092,30.258,-20,8,9,10,3,0,1
53.5278,-18.1013,-20,2,10,11,12,4,0
8.33811,-48.6794,-20,0,3,12,13,14,5
-37.0367,-34.2858,-20,6,0,4,14,15,16
-41.6629,27.4271,-20,18,1,0,5,16,17
11.9365,97.2442,-20,8,1,18
42.8716,76.4939,-20,9,2,1,7
82.7393,55.1234,-20,10,2,8
82.6713,-0.274718,-20,11,3,2,9
86.6162,-50.0222,-20,12,3,10
53.4923,-76.6143,-20,13,4,3,11
0.618926,-102.024,-20,14,4,12
-46.5409,-74.2518,-20,15,5,4,13
-94.2236,-42.3764,-20,16,5,14
-85.2788,-5.29914,-20,17,6,5,15
-86.9973,61.3766,-20,18,6,16
-38.473,66.6395,-20,7,1,6,17
77777777777777700000000000000000000000000000000000
00000000000000077777777777777700000000000000000000
00000000000000000000000000000077777777777777700000
00000000000000077777777777777700000000000000000000
00000000000000000000000000000077777777777777700000
00000000000000077777777777777700000000000000000000
00000000000000000000000000000077777777777777700000
00000000000000000000000000000077777777777777700000
77777777777777700000000000000000000000000000000000
00000000000000077777777777777700000000000000000000
77777777777777700000000000000000000000000000000000
00000000000000000000000000000077777777777777700000
77777777777777700000000000000000000000000000000000
00000000000000077777777777777700000000000000000000
77777777777777700000000000000000000000000000000000
00000000000000000000000000000077777777777777700000
77777777777777700000000000000000000000000000000000
00000000000000077777777777777700000000000000000000
77777777777777700000000000000000000000000000000000
4
20.6768,7.52573
-2.77672,-7.62898
-24.8879,-4.3884
-13.2324,-0.925301
4
-9.97712,0.174151
0.638091,-5.19683
1.4127,-13.4409
-5.08607,-26.1656
4
3.29544,-16.9536
12.4722,-3.81315
5.08633,-4.26794
9.45453,2.00962
4
7.75325,14.5817
25.0869,-10.1358
15.3136,-3.53543
1.64023,-2.0994
4
0.0715957,-0.681188
-13.2004,2.32759
5.92183,-0.518093
5.78774,12.4119
4
-2.50505,2.68634
-23.0944,9.33073
-10.9257,16.8241
20.5872,-11.886
4
5.25025,-0.459337
-16.4115,-21.7788
-13.0358,-12.5886
-4.08916,2.65553
4
-4.48419,2.09101
-13.3293,25.0689
3.30238,7.08198
-0.179004,-0.624259
4
-9.33103,9.01087
4.21751,-3.66623
4.24837,-11.0674
3.83853,4.57458
4
-3.50128,8.66596
-3.03259,-2.36932
24.3327,4.29052
-7.94952,4.22684
4
-2.72501,-6.12047
-12.6872,-2.92907
-12.3583,9.31263
-0.060145,-1.72233
4
19.4357,-7.85252
-12.1518,-1.2772
-0.179878,3.43228
-5.29113,6.534
4
-22.0529,15.4416
-1.67126,6.23722
-3.52331,-2.655
-10.75,-23.0535
4
-4.22219,13.8102
8.99785,-11.1114
-26.952,7.72836
-6.2049,9.55471
4
-1.18244,-1.40917
-1.71439,0.623987
-13.1958,2.56501
4.83001,7.43756
4
-4.56116,-1.48201
2.21508,-4.97515
4.06312,-3.06178
-2.14765,-24.5478
4
-6.73743,-27.0224
4.46354,-12.2635
-0.255856,-14.658
12.1283,-12.1283
4
-8.77888,4.86621
10.458,1.09918
-14.097,-21.7075
15.0209,1.31416
4
12.9712,-11.6793
16.0486,-1.97052
-17.8864,-9.9146
7.1967,2.33835
