19
0,0,-20,1,2,3,4,5,6
0,50,-20,7,8,2,0,6,18
43.3,25,-20,8,9,10,3,0,1
43.3,-25,-20,2,10,11,12,4,0
0,-50,-20,0,3,12,13,14,5
-43.3,-25,-20,6,0,4,14,15,16
-43.3,25,-20,18,1,0,5,16,17
0,100,-20,8,1,18
43.3,75,-20,9,2,1,7
86.6,50,-20,10,2,8
86.6,0,-20,11,3,2,9
86.6,-50,-20,12,3,10
43.3,-75,-20,13,4,3,11
0,-100,-20,14,4,12
-43.3,-75,-20,15,5,4,13
-86.6,-50,-20,16,5,14
-86.6,0,-20,17,6,5,15
-86.6,50,-20,18,6,16
-43.3,75,-20,7,1,6,17
77777777777777700000000000000000000000000000000000
00000000000000077777777777777700000000000000000000
00000000000000000000000000000077777777777777700000
00000000000000077777777777777700000000000000000000
00000000000000000000000000000077777777777777700000
00000000000000077777777777777700000000000000000000
00000000000000000000000000000077777777777777700000
00000000000000000000000000000077777777777777700000
77777777777777700000000000000000000000000000000000
00000000000000077777777777777700000000000000000000
77777777777777700000000000000000000000000000000000
00000000000000000000000000000077777777777777700000
77777777777777700000000000000000000000000000000000
00000000000000077777777777777700000000000000000000
77777777777777700000000000000000000000000000000000
00000000000000000000000000000077777777777777700000
77777777777777700000000000000000000000000000000000
00000000000000077777777777777700000000000000000000
77777777777777700000000000000000000000000000000000
4
12.3567,18.5937
2.15239,-0.658051
-0.583681,-2.746
-0.00588105,0.0276682
4
-18,-13.6226
1.83859,-0.458412
0.368021,0.722282
-0.120086,0.312834
4
-19.2607,5.17023
-0.281846,0.348051
-0.0787911,-0.257714
-0.600342,0.690614
4
18.0235,15.9541
-0.326973,-0.734393
0.762045,0.710619
-1.83161,0.128078
4
16.0434,16.4868
-1.63072,0.830894
-0.144146,0.0641778
-1.39879,0.840479
4
13.758,-14.283
1.56067,0.418181
-0.38142,1.79444
-0.285668,-2.71795
4
-17.3277,10.2485
-1.53032,1.37791
2.31207,-1.80639
1.30981,0.160824
4
19.2035,7.55206
-1.77407,-0.82726
-0.813927,0.218091
-0.0946552,0.222994
4
19.3793,-10.1713
0.0456689,0.170439
0.635795,0.112108
-1.60744,1.78524
4
-18.0712,12.2659
-0.748835,0.775441
-1.27645,-0.860979
0.450984,-0.155286
4
18.3509,-6.18843
-0.534476,0.374244
-1.253,1.34368
-0.896146,2.11119
4
-18.5252,-15.1775
0.427033,-0.0524331
-1.11317,-1.78144
-0.601873,0.116992
4
-14.6268,-15.467
-0.162026,0.145889
2.36085,-1.00212
0.386109,0.460147
4
14.6176,16.2111
-0.252628,0.404289
1.33186,0.187181
-0.318743,-0.490822
4
14.6391,17.568
0.710856,2.85109
-0.436327,-0.623139
-1.25989,2.58317
4
17.6499,-8.50869
-0.41984,-2.38103
1.15546,-2.1731
-0.00367913,0.0208654
4
-15.5383,-10.4618
-0.196487,-2.24586
-0.496069,1.2923
1.27337,1.27337
4
-20.7312,-10.5499
-0.0516069,0.738013
0.941112,1.16218
1.275,1.89026
4
-23.3229,0.604253
-0.635799,-0.218923
-0.0514777,-0.325017
-0.647955,-1.52649
