20
10.3041,31.3848,-7
76.262,35.8884,-7
139.449,26.7629,-7
188.579,42.0554,-7
205.464,34.3512,-7
297.836,26.8178,-7
308.709,29.4961,-7
363.974,8.14585,-7
425.66,10.009,-7
460.59,35.2732,-7
37.2408,105.648,-7
78.9966,145.749,-7
100.639,140.904,-7
181.525,140.817,-7
215.862,136.964,-7
255.941,103.066,-7
330.111,129.792,-7
369.573,121.046,-7
417.376,142.425,-7
493.745,115.858,-7
4
-21.2211,-13.3517
-2.69822,1.04269
24.4274,2.06968
-14.9483,13.2029
4
-7.12478,3.84417
8.93086,0.98571
16.8219,-24.9977
13.5676,-19.9338
4
6.98511,-1.33076
-16.0257,6.16424
2.43826,-20.2417
-1.87809,-15.1123
4
-10.8709,-7.09653
-21.4087,-15.4173
-17.9502,10.8918
8.98536,16.8623
4
22.2492,-7.00167
23.0024,0.819737
-22.6769,18.7852
22.2543,-21.7694
4
-4.97943,10.7198
17.1075,-24.6229
12.919,-19.5571
4.59869,-9.76628
4
-22.5645,7.92435
-15.4446,23.189
-12.7808,-6.61547
13.7626,7.72733
4
12.4452,16.7659
-15.3841,-10.6352
3.63173,-11.5817
-3.10848,5.83293
4
-14.5855,11.6041
-20.0503,14.9737
13.373,10.1676
-12.5692,-1.33619
4
8.51714,-2.36732
12.4474,3.06774
9.49242,-10.9088
6.40364,-24.0277
4
17.5808,-19.8855
-16.1367,-8.86738
15.986,-24.1261
13.0344,19.4451
4
10.0406,2.00903
15.7841,-17.2129
3.48188,20.0117
-13.9586,-1.64854
4
-13.5227,23.6233
-12.4699,17.8292
5.28016,-6.41411
-1.87391,5.2612
4
-21.1545,6.0922
-8.32494,-17.2577
0.182102,10.5962
-9.62782,-14.8214
4
-13.6456,8.74577
-9.76558,19.8228
12.0065,-6.62562
-6.81,-5.75013
4
16.28,17.9334
6.73355,20.7722
18.6735,-5.02832
-10.8983,-18.5451
4
-21.9179,-23.716
4.99858,11.1401
-18.9932,-18.7216
-3.31119,-1.16601
4
21.9603,-12.7077
21.2194,-15.8441
7.55644,1.08313
4.18792,-13.6105
4
-10.7914,-21.2813
-24.1524,21.0422
5.74417,-7.79089
8.50274,5.46799
4
-0.152418,-11.6871
-24.6839,-11.5836
14.4007,-16.7177
-23.7031,22.3243
