20
25,25,-7
75,25,-7
125,25,-7
175,25,-7
225,25,-7
275,25,-7
325,25,-7
375,25,-7
425,25,-7
475,25,-7
25,125,-7
75,125,-7
125,125,-7
175,125,-7
225,125,-7
275,125,-7
325,125,-7
375,125,-7
425,125,-7
475,125,-7
77777777777777733333333333333333333333333333333333
11111111111111177777777777777711111111111111111111
00000000000000000000000000000077777777777777700000
77777777777777711111111111111111111111111111111111
11111111111111177777777777777711111111111111111111
11111111111111111111111111111177777777777777711111
77777777777777700000000000000000000000000000000000
11111111111111177777777777777711111111111111111111
11111111111111111111111111111177777777777777711111
77777777777777766666666666666666666666666666666666
00000000000000077777777777777700000000000000000000
00000000000000000000000000000077777777777777700000
77777777777777700000000000000000000000000000000000
00000000000000077777777777777700000000000000000000
11111111111111111111111111111177777777777777711111
77777777777777700000000000000000000000000000000000
00000000000000077777777777777700000000000000000000
11111111111111111111111111111177777777777777711111
77777777777777700000000000000000000000000000000000
00000000000000077777777777777700000000000000000000
16
11.3016,1.17445,0,7
20.4272,13.2636,2,7
18.5678,12.3528,2,7
-10.5195,15.2205,1,7
0.715233,-9.83413,0,3
17.2939,-5.64261,1,7
3.91863,9.5563,0,7
18.3093,-4.33815,2,7
-7.32661,7.57236,0,7
3.19689,-5.24554,0,3
-2.4581,-19.1469,1,7
7.73492,-14.9935,1,7
-18.0196,22.7606,1,7
-10.7986,-9.54939,1,7
20.1781,5.30502,2,7
9.68959,6.47974,0,7
16
5.11677,-5.25664,0,1
-24.9527,-7.53046,2,7
9.2239,15.2677,1,7
18.1848,24.3898,2,7
7.56167,-12.4578,1,7
3.30841,-7.88202,0,1
-19.1486,23.9703,2,7
9.79136,13.4238,1,7
2.16715,-20.4542,1,7
-14.0343,8.0202,1,7
12.2808,-4.02781,1,7
15.0006,10.0413,1,7
10.1736,-19.5488,1,7
5.21944,-9.52136,0,7
15.1408,-13.3008,1,7
-3.04189,-4.74239,0,1
16
-2.99463,12.7272,1,7
-9.33356,-12.7269,1,7
5.91193,-9.94378,0,0
19.8348,18.4541,2,7
18.3646,-13.0472,2,7
24.3055,17.3349,2,7
21.7441,12.7293,2,7
-5.49798,-23.7101,1,7
23.695,-22.4778,2,7
13.5707,-5.33276,1,7
17.5229,-1.388,1,7
-20.1591,22.9741,2,7
-21.1686,-4.68051,2,7
13.1149,-9.46938,1,7
17.2776,-16.6275,2,7
21.9732,-10.717,2,7
16
-12.3604,1.55606,0,7
2.01163,2.69583,0,1
-3.60916,-4.53426,0,1
-3.93955,8.34359,0,1
-5.22872,-11.6047,1,7
5.0877,-17.4994,1,7
7.89734,6.37764,0,7
-18.8043,10.4196,2,7
-5.05166,0.862911,0,1
2.94242,18.5603,1,7
5.70376,0.916515,0,1
22.3918,-23.9768,2,7
-10.9685,-12.0776,1,7
18.3008,-2.596,2,7
-15.1044,-17.4162,1,7
-6.4963,-2.46482,0,1
16
20.5153,-24.769,2,7
-19.4693,-9.01894,2,7
-3.70855,13.8743,1,7
10.7523,9.68677,1,7
-6.03799,18.253,1,7
-7.41589,-24.6603,1,7
24.4486,-21.9963,2,7
-4.71201,0.31156,0,1
5.94609,-11.1517,1,7
-18.9847,-18.1374,2,7
-13.7599,-17.9614,1,7
-4.10594,-0.837493,0,1
-24.6606,18.2981,2,7
9.05807,-17.0768,1,7
-13.1982,-18.4067,1,7
17.0631,-17.6829,2,7
16
22.5938,-1.70186,2,7
3.11571,11.4681,0,7
-15.9495,-12.1975,1,7
-19.5699,-22.6965,2,7
5.38659,-19.2302,1,7
-23.2479,8.39027,2,7
1.05778,2.06367,0,1
-10.6636,14.9061,1,7
8.07899,-3.80103,0,1
-23.8538,15.1176,2,7
17.093,0.308724,1,7
15.457,10.3911,1,7
-15.6332,23.3802,2,7
22.1928,-9.03995,2,7
15.4433,-20.4901,2,7
-2.21569,13.0372,1,7
16
-24.1,-0.494719,2,7
11.8585,-11.2975,1,7
4.93542,14.162,1,7
19.0891,10.7052,2,7
15.9141,2.47935,1,7
-13.237,-7.02221,1,7
16.8157,-23.3309,2,7
-23.9432,-11.9853,2,7
-22.1847,16.1744,2,7
-19.8923,3.12405,2,7
6.63133,15.4988,1,7
12.4908,5.01155,1,7
12.6916,-21.5491,1,7
-4.54513,17.2015,1,7
1.2352,-16.508,1,7
-4.99041,2.13522,0,0
16
-18.1319,15.8377,2,7
-12.0673,21.0301,1,7
9.92679,23.6379,1,7
11.9443,-12.5939,1,7
-14.5991,-20.0779,1,7
-20.7781,-12.93,2,7
-19.0211,-7.76346,2,7
-10.1146,22.1532,1,7
-2.65575,18.0094,1,7
3.78453,-12.157,1,7
5.50025,-16.2039,1,7
-24.4653,8.95115,2,7
4.25095,17.7362,1,7
-14.8136,12.743,1,7
-12.2542,12.3216,1,7
-4.25973,-5.38606,0,1
16
8.673,-9.35592,1,7
-11.9139,7.31093,1,7
-22.4116,0.492206,2,7
17.7119,-17.4896,2,7
4.71406,-20.2181,1,7
-11.5107,21.9506,1,7
-5.33274,-14.3575,1,7
-5.70515,-12.3233,1,7
14.427,7.13789,1,7
18.1769,23.2231,2,7
7.67256,2.12807,0,1
2.47403,0.408768,0,1
12.3144,-9.783,1,7
13.1546,-0.364004,1,7
10.9573,-17.2315,1,7
-22.2047,-5.36972,2,7
16
-9.11867,-23.0588,1,7
1.00094,16.3735,1,7
19.6531,8.51135,1,7
-3.9124,24.435,1,7
22.0006,-6.9618,1,7
-5.89776,-17.3569,1,7
12.3331,6.77891,1,7
22.0701,-5.52906,1,7
-0.044168,20.2932,1,7
-22.8565,-22.9161,2,7
-2.23281,2.55227,0,6
14.3983,12.9842,1,7
-9.29316,-10.9657,1,7
-1.05852,-1.52466,0,6
-8.1704,18.5718,1,7
21.8879,7.71093,1,7
16
-2.11113,-0.915524,0,0
15.166,-18.5998,1,7
20.1721,14.601,2,7
-21.5992,-11.7897,1,7
-16.2967,-13.9561,1,7
-24.4567,15.4822,1,7
-16.886,-4.98573,1,7
-9.562,-21.5928,1,7
-2.84222,-7.4781,0,0
1.17435,24.7101,1,7
-18.0798,-10.8414,1,7
-9.58311,-4.04544,0,7
13.1,13.8922,1,7
12.7842,6.67178,1,7
10.7802,-4.5049,0,7
2.18475,-16.331,1,7
16
-7.64921,-9.93076,1,0
14.7517,-18.0482,1,7
-6.52993,-22.0381,1,7
-9.34494,4.51399,0,0
-21.4947,-18.8628,2,7
12.628,-1.48046,1,0
-3.42478,16.0351,1,7
20.6773,14.0971,2,7
-7.79051,20.3874,1,7
21.0174,6.36804,2,7
-14.1957,-8.02808,1,7
-5.53193,24.6965,1,7
-20.2439,-23.8601,2,7
10.4766,0.251182,0,0
3.32461,19.1457,1,7
-5.16924,20.6754,1,7
16
-15.4176,-22.3728,2,7
2.68498,-12.4557,1,0
-6.71774,-17.801,1,7
-8.9504,-0.58051,0,0
19.8269,14.5691,2,7
20.9947,10.8621,2,7
10.2465,10.0918,1,7
-21.9284,5.63382,2,7
6.10919,9.43962,0,0
16.4381,23.0811,2,7
-21.0923,16.1346,2,7
-22.1628,-19.9524,2,7
1.6112,3.08837,0,0
8.37216,-4.24314,0,0
22.9191,4.04756,2,7
4.97177,-17.4985,1,7
16
-17.3433,-4.95412,1,7
24.957,-10.1443,2,7
11.0955,-0.623485,0,0
-15.3173,0.664617,1,7
-4.62877,20.5447,1,7
-14.0889,-19.5369,1,7
23.6163,16.5449,2,7
11.5722,8.05594,1,7
7.98297,9.65336,1,0
11.9636,-0.882476,0,0
12.4905,17.0112,1,7
-24.2713,-9.42108,2,7
0.38335,-3.51441,0,0
-11.5019,-20.5691,1,7
-23.5426,-4.00041,2,7
11.1057,-15.8859,1,7
16
11.0627,-1.03019,0,7
2.14095,-14.5608,1,7
8.65247,-22.1944,1,7
5.81043,4.19721,0,1
-11.2834,11.2735,1,7
2.81354,-19.7385,1,7
-2.15426,-14.1305,1,7
13.2445,-17.5009,1,7
22.8331,-12.638,2,7
19.9896,14.8443,2,7
-11.9093,-14.4314,1,7
-9.77234,9.57633,1,7
-0.933381,-5.34143,0,1
11.0337,20.0662,1,7
-19.2358,20.1478,2,7
11.1117,16.8269,1,7
16
-11.7474,-22.7339,1,7
-22.2299,-8.94181,2,7
8.07657,6.96729,0,7
4.77482,-5.64994,0,0
-15.2192,10.0363,1,7
17.1958,-4.3497,1,7
-1.71916,24.6949,1,7
-6.51658,10.6429,0,7
19.6845,-16.6723,2,7
23.7336,-19.7469,2,7
-1.44461,8.30992,0,0
4.31971,18.214,1,7
-5.65639,-0.614078,0,0
23.9782,-10.5086,2,7
-14.5024,15.8051,1,7
8.609,-1.24978,0,0
16
11.3791,14.8084,1,7
1.14781,-6.65364,0,0
-5.41677,20.4979,1,7
3.12718,-20.3804,1,7
12.6937,23.7775,1,7
2.90042,12.3886,1,0
-7.73909,-11.4567,1,7
7.07308,0.588643,0,0
-12.7231,12.3262,1,7
24.144,20.5868,2,7
-8.35412,17.358,1,7
-10.0696,16.0318,1,7
16.3362,4.4218,1,7
-23.4706,7.1413,2,7
-11.9692,0.279628,0,0
0.212553,24.4099,1,7
16
-23.6396,-7.24376,2,7
9.67128,21.8582,1,7
20.8834,14.2909,2,7
9.5519,19.6609,1,7
-7.80872,-3.05955,0,1
-13.0782,5.73455,1,7
-20.9865,12.5105,2,7
18.0114,16.3397,2,7
11.6545,13.5982,1,7
-17.0144,4.01249,1,7
-21.4714,24.0174,2,7
-4.65132,7.95042,0,1
-24.4532,-22.51,2,7
20.9812,0.826416,2,7
2.70253,20.3911,1,7
15.9145,4.0629,1,7
16
0.585733,0.92114,0,0
-15.9692,-10.1234,1,7
-14.527,-21.3083,2,7
7.06787,7.41349,0,0
-9.38652,-12.1976,1,7
11.427,-21.8761,1,7
-19.1862,2.76672,2,7
14.7784,19.4121,1,7
10.7523,-6.20908,0,0
22.9407,9.76969,2,7
14.1396,5.8911,1,7
10.3165,16.6296,1,7
1.87233,-13.8571,1,7
-5.66788,-2.73658,0,0
-22.9426,23.395,2,7
10.4108,2.64308,0,0
16
19.4415,17.5197,1,7
9.7892,23.1332,1,7
-0.412456,-7.79731,0,0
-11.2534,12.39,1,7
-21.3703,-8.12942,2,7
18.2038,6.39644,1,7
-18.351,12.6159,2,7
-7.85125,0.439934,0,0
10.5566,-23.0816,1,7
-10.4205,-8.55233,1,7
12.2349,-18.7909,1,7
18.32,23.3778,1,7
0.541232,-9.41658,0,0
-24.5648,-1.06375,2,7
-24.0058,3.07825,2,7
23.2524,20.4357,1,7
