25
25,25,-7
75,25,-7
125,25,-7
175,25,-7
225,25,-7
25,75,-7
75,75,-7
125,75,-7
175,75,-7
225,75,-7
25,125,-7
75,125,-7
125,125,-7
175,125,-7
225,125,-7
25,175,-7
75,175,-7
125,175,-7
175,175,-7
225,175,-7
25,225,-7
75,225,-7
125,225,-7
175,225,-7
225,225,-7
00000000000000077777777777777700000000000000000000
11111111111111111111111111111177777777777777711111
77777777777777711111111111111111111111111111111111
11111111111111177777777777777711111111111111111111
00000000000000000000000000000077777777777777700000
77777777777777711111111111111111111111111111111111
11111111111111177777777777777711111111111111111111
00000000000000000000000000000077777777777777700000
77777777777777711111111111111111111111111111111111
11111111111111177777777777777711111111111111111111
11111111111111111111111111111177777777777777711111
77777777777777711111111111111111111111111111111111
11111111111111177777777777777711111111111111111111
00000000000000000000000000000077777777777777700000
77777777777777700000000000000000000000000000000000
00000000000000077777777777777700000000000000000000
00000000000000000000000000000077777777777777700000
77777777777777711111111111111111111111111111111111
00000000000000077777777777777700000000000000000000
11111111111111111111111111111177777777777777711111
77777777777777711111111111111111111111111111111111
11111111111111177777777777777711111111111111111111
11111111111111111111111111111177777777777777711111
77777777777777711111111111111111111111111111111111
00000000000000077777777777777700000000000000000000
4
-12.3304,-24.1748,1,7
15.1836,-21.1582,2,7
-2.68187,-19.8732,1,7
-2.49584,5.4725,0,0
4
-8.05989,-24.962,1,7
-18.1375,-13.6762,2,7
-10.7026,-1.18775,0,7
10.7693,-16.475,1,7
4
10.741,14.8252,1,7
6.81483,-13.0914,1,7
6.15559,-12.1075,1,7
20.1463,16.9153,2,7
4
20.917,-18.3511,2,7
14.9252,-6.54231,1,7
-5.68149,15.7504,1,7
-16.3587,-1.83968,1,7
4
-11.2319,20.6645,2,7
18.5411,1.22163,1,7
-12.3954,18.579,2,7
8.08417,-1.07161,0,0
4
-18.1036,-15.3023,1,7
-8.59857,18.3638,2,7
20.4387,-18.7733,2,7
0.178581,-17.6527,1,7
4
13.0711,-22.5063,2,7
4.29753,19.6986,2,7
23.4107,10.9464,2,7
9.62382,-8.13161,1,7
4
0.374244,0.509684,0,0
3.42525,13.4428,1,7
14.2777,-0.910271,1,7
6.98386,-9.50063,0,7
4
0.562871,23.5835,2,7
-14.3773,8.43933,1,7
-19.5201,-4.67957,2,7
24.8408,23.8437,2,7
4
-18.9326,-0.977722,2,7
-1.89348,18.4497,2,7
-12.9066,0.600199,1,7
-2.25277,-18.208,1,7
4
-16.3063,16.4158,2,7
15.8793,-11.0414,1,7
-8.20997,-8.61103,0,7
17.3839,-19.7672,2,7
4
-8.52641,12.2167,1,7
-3.83393,-21.8321,2,7
-12.2204,-5.25039,1,7
-11.2094,21.2189,2,7
4
9.11105,21.0596,2,7
-0.926753,24.8702,2,7
-22.8729,23.0955,2,7
-2.02326,20.5768,2,7
4
23.5769,-6.67597,2,7
-8.01914,-2.41216,0,0
2.01769,-16.6034,1,7
-11.5329,15.9763,1,7
4
4.85609,8.36015,0,0
5.41951,10.5228,0,7
24.8337,-7.3638,1,7
-18.3111,-21.9984,2,7
4
1.43848,-8.20774,0,0
1.63465,-23.332,2,7
-24.0967,-2.3057,1,7
0.741273,-24.2265,2,7
4
-1.1632,-1.24974,0,0
-4.60182,9.02569,0,7
-2.6728,13.7222,1,7
-23.9934,19.915,2,7
4
-15.5968,-16.6178,2,7
-18.2838,9.58988,2,7
13.2383,15.0763,1,7
-9.99061,-1.23894,0,7
4
7.64559,5.44993,0,0
17.9117,-11.9387,2,7
-18.1116,-15.296,2,7
14.696,-16.4436,2,7
4
-12.6097,9.2977,1,7
-13.6192,12.2117,1,7
-16.8655,10.1311,1,7
-17.3901,17.1602,2,7
4
21.3321,18.1667,2,7
-22.6267,-12.9281,1,7
-22.4301,-14.2445,2,7
-6.21187,12.1598,1,7
4
-16.1355,-22.8308,2,7
-2.24523,23.7745,1,7
9.8148,-21.7953,2,7
16.6863,22.8761,2,7
4
-23.6098,12.5721,2,7
-6.35047,-13.0025,1,7
24.9624,-22.0528,2,7
-1.62172,12.1741,0,7
4
-16.4907,19.784,2,7
-21.7581,-9.03241,2,7
16.116,21.4087,2,7
-6.65912,-21.812,2,7
4
4.09634,-3.02391,0,0
11.1384,3.09005,0,7
5.84056,13.3076,1,7
-24.1552,4.6151,2,7
