25
25,25,-7
75,25,-7
125,25,-7
175,25,-7
225,25,-7
25,75,-7
75,75,-7
125,75,-7
175,75,-7
225,75,-7
25,125,-7
75,125,-7
125,125,-7
175,125,-7
225,125,-7
25,175,-7
75,175,-7
125,175,-7
175,175,-7
225,175,-7
25,225,-7
75,225,-7
125,225,-7
175,225,-7
225,225,-7
77777777777700000000000000000000000000000000000000
11111111111177777777777711111111111111111111111111
77777777777711111111111111111111111111111111111111
11111111111177777777777711111111111111111111111111
77777777777700000000000000000000000000000000000000
11111111111111111111111177777777777701111111111111
11111111111111111111111111111111111177777777777711
00000000000000000000000077777777777700000000000000
11111111111111111111111111111111111177777777777711
11111111111111111111111177777777777711111111111111
77777777777711111111111111111111111111111111111111
11111111111177777777777711111111111111111111111111
77777777777711111111111111111111111111111111111111
00000000000077777777777700000000000000000000000000
77777777777700000000000000000000000000000000000000
00000000000000000000000077777777777700000000000000
00000000000000000000000000000000000077777777777700
11111111111111111111111177777777777711111111111111
00000000000000000000000000000000000077777777777700
11111111111111111111111177777777777711111111111111
77777777777711111111111111111111111111111111111111
11111111111177777777777711111111111111111111111111
77777777777711111111111111111111111111111111111111
11111111111177777777777711111111111111111111111111
77777777777700000000000000000000000000000000000000
16
-3.64036,14.5371,1,7
-12.5483,7.70885,1,7
11.8899,14.4293,1,7
10.6882,3.65685,0,0
20.9658,23.4944,2,7
17.1592,1.09049,1,7
9.59845,-14.0872,1,7
13.4122,19.0005,2,7
18.5275,-16.3212,2,7
-22.21,6.90189,1,7
-24.0017,-8.73538,1,7
24.0235,7.10781,2,7
-24.2092,19.1795,2,7
-13.3611,5.87758,1,7
7.47385,-21.3465,1,7
-21.0855,-21.1665,1,7
16
-8.6338,11.5423,1,7
5.08054,-19.2045,1,7
-2.76949,-16.2626,1,7
-23.2387,-4.27512,2,7
-24.1034,2.85184,2,7
-19.6767,-13.1906,2,7
-8.73592,24.3239,2,7
-19.6631,-0.0571377,2,7
-22.8861,12.2388,2,7
0.941193,-6.62148,0,1
11.2624,-16.951,1,7
-5.8307,5.44181,0,1
-5.31215,-24.9531,1,7
-12.0843,-1.6586,0,7
-21.0387,-8.25085,2,7
-8.46796,-4.67246,0,1
16
21.6126,1.12304,2,7
0.522002,-19.65,1,7
2.88439,21.2469,2,7
-18.7534,-19.2638,2,7
-23.4298,-6.94396,2,7
-2.99969,-24.1059,1,7
-1.60703,21.9432,2,7
-21.992,-14.3682,2,7
-2.11564,-3.61352,0,1
21.8941,5.93336,2,7
15.5558,2.33595,1,7
-24.3788,15.6026,2,7
15.2516,-1.03739,1,7
19.564,-17.9992,2,7
15.4947,-10.1085,1,7
-14.7078,12.1072,1,7
16
10.8142,17.4572,2,7
-6.10105,7.06112,0,1
23.7038,-0.364825,2,7
8.63132,-8.24013,0,7
21.6355,9.52538,2,7
15.1528,18.5787,2,7
12.5333,-24.2154,1,7
-8.53699,-16.0802,1,7
22.6788,22.3964,2,7
24.4756,0.0146992,2,7
23.0176,15.0782,2,7
-9.7337,-3.0198,0,7
9.64221,-2.73294,0,7
-12.5251,24.5337,2,7
7.5593,24.5821,2,7
15.5483,-6.62646,1,7
16
-15.5527,-24.5653,2,7
15.7431,9.08243,1,7
9.06599,-17.497,1,7
5.71791,-6.40863,0,0
22.6558,-0.703437,1,7
-18.8753,23.4404,2,7
15.7596,-9.95548,1,7
21.1192,13.156,1,7
-10.4799,-3.86611,0,0
11.1735,-20.4017,1,7
11.4002,-16.8463,1,7
14.2405,-16.3328,1,7
-4.37141,13.7743,1,7
16.2265,-4.78932,1,7
4.32258,-15.3999,1,7
-12.75,13.7698,1,7
16
-22.0069,-2.14774,1,7
19.1007,-14.5039,2,7
-21.4298,-12.3079,1,7
-16.8481,2.86674,1,7
-6.18319,-18.4076,2,7
-6.37369,8.86132,0,7
-22.2885,-18.2177,2,7
23.3814,-1.15457,2,7
17.9558,-22.0203,2,7
-14.7544,-23.8904,2,7
17.2203,-6.08713,1,7
-3.26186,5.99456,0,1
-14.8606,16.9488,2,7
-14.6829,-5.26049,1,7
-20.8012,24.087,2,7
4.77426,-17.8081,1,7
16
-1.125,-7.312,0,1
0.509404,11.5671,0,7
0.839915,-21.6239,2,7
-19.6161,7.43227,2,7
-2.99755,14.2452,1,7
10.1438,3.78472,0,7
12.6267,-16.0108,1,7
-3.25947,15.6064,1,7
-5.76513,-2.14992,0,1
7.82669,13.1477,1,7
19.5882,-11.1788,2,7
23.2872,11.537,2,7
-0.861612,-6.97333,0,1
15.7359,-1.77464,1,7
22.8009,22.9278,2,7
20.1646,-3.32407,2,7
16
-4.32601,-16.757,1,7
16.4557,-0.949866,1,7
-11.3731,-1.11206,0,7
21.0526,-22.1278,2,7
-15.9682,-0.162697,1,7
15.4988,-6.97901,1,7
21.5778,6.10522,2,7
12.2559,-5.57209,1,7
-11.0681,0.403603,0,7
-10.9839,2.75316,0,7
-1.30923,-24.4468,2,7
-23.1085,16.7174,2,7
16.289,0.116902,1,7
14.5184,14.2168,1,7
-4.71851,-13.8057,1,7
-20.1675,15.9555,2,7
16
21.2882,-9.99438,2,7
8.06428,-4.82384,0,1
-13.9418,10.9364,1,7
4.20791,10.8955,0,7
1.43527,22.2289,2,7
7.47334,-17.4595,1,7
9.48476,-23.0988,2,7
-3.52761,-15.1116,1,7
-9.08262,24.2256,2,7
8.57913,-8.52945,0,7
-23.8829,0.296573,2,7
-17.2404,1.234,1,7
-10.1851,21.9764,2,7
21.5155,1.00925,2,7
-23.1911,12.471,2,7
20.4466,23.0971,2,7
16
3.51087,-6.72672,0,1
-11.4652,-10.5527,1,7
22.4812,24.4303,2,7
15.8826,19.7101,2,7
6.90365,23.4231,2,7
4.19485,8.8049,0,1
-5.10453,14.0832,1,7
24.7223,-5.87898,1,7
-2.33765,-8.80718,0,1
-4.76189,22.9589,2,7
-1.0476,21.4721,2,7
-12.2261,-4.07124,1,7
17.9876,13.7831,1,7
-2.26234,5.45858,0,1
9.22971,-4.16522,0,7
7.93518,-12.2594,1,7
16
21.47,2.1879,2,7
11.5892,20.9003,2,7
-6.92951,6.29933,0,1
2.80394,-8.50644,0,1
-14.5058,-13.3912,1,7
11.389,24.5774,2,7
-13.6689,-19.49,2,7
-2.76026,2.52393,0,1
0.748163,-4.80133,0,1
-23.5237,-2.77973,1,7
7.97254,-2.59492,0,1
-9.79212,-3.24434,0,7
20.1427,20.6665,2,7
-19.0146,-9.02247,1,7
3.60163,-6.27404,0,1
-19.9144,0.0716081,1,7
16
16.6748,-4.0281,1,7
-11.0156,-2.02584,0,7
23.7758,5.47792,2,7
8.46833,-14.6153,1,7
-8.13305,8.04573,0,7
-3.28423,-2.623,0,1
-19.7145,24.2397,2,7
23.1252,0.48414,2,7
-24.284,-4.65457,2,7
-16.5433,-1.87889,1,7
10.5533,5.21234,0,7
-6.73614,6.21977,0,1
11.1977,9.24139,1,7
-15.1786,-20.0763,2,7
14.327,9.893,1,7
-24.1625,6.00181,2,7
16
-10.1781,-21.024,2,7
-20.3593,20.2998,2,7
12.4443,-9.97459,1,7
-12.8332,-4.50998,1,7
11.7412,9.54376,1,7
0.775492,10.9809,0,7
7.66892,-23.7404,2,7
11.6969,-21.9856,2,7
-15.2837,-15.182,1,7
13.5677,14.9287,1,7
3.08187,-5.21257,0,1
1.12637,-12.6767,1,7
4.60883,6.05005,0,1
-23.3498,-10.4982,2,7
6.88759,7.65204,0,7
-4.63327,21.7095,2,7
16
0.00746978,17.0093,1,7
-0.927708,15.0329,1,7
-20.8239,19.5623,2,7
1.77406,13.7198,1,7
-4.6622,-12.2451,1,7
-3.61125,-3.40256,0,0
24.4518,-0.596895,2,7
6.31375,-15.7301,1,7
-12.0292,-3.7576,1,0
12.3517,7.7582,1,7
22.3688,24.675,2,7
-12.633,3.41882,1,7
-23.6748,1.86886,2,7
-14.6936,8.97725,1,7
22.2356,-17.9841,2,7
-4.39475,-2.75694,0,0
16
19.6775,-12.7241,1,7
-21.7987,14.2399,2,7
14.05,16.9211,2,7
-15.4223,-23.1951,2,7
-11.6901,6.17509,1,7
-23.7432,12.713,2,7
-12.5112,-14.4734,1,7
-24.3163,8.73125,2,7
22.8784,8.44194,1,7
6.10002,22.5533,2,7
20.809,-15.4812,2,7
23.8785,-2.32217,1,7
-5.17475,7.85579,0,0
-5.08658,1.84116,0,0
-21.539,17.1565,2,7
0.866366,23.1386,2,7
16
4.06764,12.3784,1,7
18.4824,-4.01125,2,7
21.9561,20.2874,2,7
9.29861,3.13118,0,0
21.5441,-2.98843,2,7
15.62,-17.9292,2,7
-2.3047,-0.648734,0,0
-20.0509,-18.8628,2,7
-19.5487,-22.4976,2,7
-23.0538,-10.0299,1,7
-23.619,-0.375968,1,7
9.79538,9.23677,1,7
19.5375,-13.3635,2,7
12.6978,11.6939,1,7
12.5029,10.8364,1,7
16.1264,-8.42946,1,7
16
9.60879,12.5593,1,7
-4.82911,4.89615,0,0
-3.1421,23.3021,2,7
1.44028,18.8695,2,7
13.9221,8.51104,1,7
-8.43522,-11.7266,1,7
13.4601,-2.29799,1,7
-6.27537,15.9626,1,7
-0.351781,8.69476,0,0
17.3436,24.2723,2,7
-6.50986,1.58034,0,0
18.8097,5.12667,2,7
-10.7219,5.50364,0,7
-7.37043,-24.8855,2,7
-3.36999,9.20011,0,0
-1.67067,-18.7612,2,7
16
18.5002,11.1349,2,7
18.6173,16.8023,2,7
-12.4248,12.4868,1,7
5.72436,21.0863,2,7
-20.9484,18.9977,2,7
9.54641,1.75357,0,1
-12.2777,0.509002,0,7
-23.5982,21.4171,2,7
-7.14743,-24.326,2,7
-10.0928,19.4329,2,7
19.4837,20.0339,2,7
-16.2889,-0.012607,1,7
-12.3365,-16.1744,1,7
21.6174,21.8636,2,7
7.1549,-22.1438,2,7
-6.37699,0.655118,0,1
16
-12.7597,-7.5426,1,7
-23.4336,24.7271,2,7
23.1818,22.6526,2,7
-21.2213,17.1795,2,7
7.19905,5.53223,0,0
-20.0982,-17.292,2,7
6.93402,-23.6811,2,7
0.560621,7.60807,0,0
-8.77382,-5.00647,0,0
2.09181,-13.7399,1,7
3.70459,-22.9208,2,7
-1.07642,12.5302,1,0
23.6966,-4.21282,2,7
-5.31493,-23.4472,2,7
14.4102,20.3402,2,7
15.544,-23.3495,2,7
16
17.1103,-23.6224,2,7
-14.0207,14.763,1,7
-19.8437,-21.8412,2,7
-3.03799,10.6885,0,7
-16.9394,4.67006,1,7
-7.37748,-15.6204,1,7
-19.7693,-24.7694,2,7
0.605754,0.224215,0,1
2.3224,11.8658,0,7
-21.0712,4.4016,2,7
-14.2106,16.459,1,7
3.09821,6.5766,0,1
-13.856,4.65103,1,7
-4.01321,-18.5158,2,7
-4.80501,-2.36271,0,1
-5.71819,-12.6947,1,7
16
5.26116,-22.9317,2,7
4.17116,8.41998,0,1
-0.969702,-10.1403,0,7
16.4806,-21.2996,2,7
7.48218,-24.1398,2,7
-16.069,7.71276,1,7
1.46595,9.15526,0,1
-14.9648,-11.6682,1,7
13.0841,14.4368,1,7
-0.878774,4.54303,0,1
-7.46502,-19.3022,2,7
15.6871,22.186,2,7
1.68462,22.1713,1,7
-7.619,24.3219,1,7
-8.54689,4.68632,0,1
-1.66319,21.7143,1,7
16
-22.492,5.13425,2,7
-19.2151,-7.63236,2,7
-3.38513,-15.5147,1,7
24.8498,-2.52493,2,7
-6.5837,7.56258,0,7
23.941,-22.4284,2,7
17.5977,-12.7272,2,7
15.6556,7.03451,1,7
11.394,-4.80135,0,7
24.5695,17.0919,2,7
-14.1143,21.7555,1,7
-6.2235,-16.943,1,7
-10.8635,-6.90159,1,7
-0.489869,18.8228,1,7
16.4352,-3.7756,1,7
0.577427,18.9432,1,7
16
6.36233,-13.6892,1,7
-2.02648,15.8476,1,7
-13.8393,20.4486,1,7
-15.7361,18.7232,2,7
19.3896,-13.1645,2,7
11.321,-18.3376,2,7
-22.5089,-6.6445,2,7
18.0565,-2.31028,1,7
-7.075,10.1484,0,7
8.57544,-10.3195,1,7
-21.0751,16.6325,2,7
3.81701,-2.97672,0,1
-8.85741,-2.36017,0,1
-11.5415,12.367,1,7
23.2173,-17.5983,2,7
13.7256,4.57959,1,7
16
-13.3008,-4.57282,1,7
4.87319,-17.8522,1,7
4.69107,-1.40357,0,1
-23.4626,16.5265,2,7
-15.0826,-16.8002,2,7
19.0176,3.27291,2,7
-23.7437,-8.29268,2,7
21.1979,11.4047,2,7
-24.7172,-14.1216,2,7
15.3295,16.9152,1,7
14.6954,-12.6472,1,7
-16.9422,-12.6647,2,7
0.811301,20.4248,1,7
-14.4475,8.213,1,7
9.15046,15.1321,1,7
-23.0745,20.8496,2,7
16
6.79873,-22.0026,2,7
15.2504,-19.6048,2,7
-20.4653,6.77688,2,7
-9.68743,-12.2654,1,7
0.794484,18.5855,1,7
-11.0091,17.5018,1,7
14.7834,-24.6045,2,7
17.7846,-24.3382,2,7
15.725,9.6998,1,7
15.3572,-21.9222,2,7
17.7576,-22.3075,2,7
3.88915,13.1824,1,7
-11.755,-12.8979,1,7
-2.66711,-21.6229,2,7
-10.9723,-6.81749,1,7
-11.0636,20.8264,1,7
