19
0,0,-7,1,2,3,4,5,6
0,50,-7,7,8,2,0,6,18
43.3,25,-7,8,9,10,3,0,1
43.3,-25,-7,2,10,11,12,4,0
0,-50,-7,0,3,12,13,14,5
-43.3,-25,-7,6,0,4,14,15,16
-43.3,25,-7,18,1,0,5,16,17
0,100,-7,8,1,18
43.3,75,-7,9,2,1,7
86.6,50,-7,10,2,8
86.6,0,-7,11,3,2,9
86.6,-50,-7,12,3,10
43.3,-75,-7,13,4,3,11
0,-100,-7,14,4,12
-43.3,-75,-7,15,5,4,13
-86.6,-50,-7,16,5,14
-86.6,0,-7,17,6,5,15
-86.6,50,-7,18,6,16
-43.3,75,-7,7,1,6,17
77777777777777700000000000000000000000000000000000
33333333333333377777777777777733333333333333333333
22222222222222222222222222222277777777777777722222
00000000000000077777777777777700000000000000000000
11111111111111111111111111111177777777777777711111
00000000000000077777777777777700000000000000000000
11111111111111111111111111111177777777777777711111
66666666666666666666666666666677777777777777766666
77777777777777744444444444444444444444444444444444
66666666666666677777777777777766666666666666666666
77777777777777722222222222222222222222222222222222
44444444444444444444444444444477777777777777744444
77777777777777733333333333333333333333333333333333
11111111111111177777777777777711111111111111111111
77777777777777733333333333333333333333333333333333
33333333333333333333333333333377777777777777733333
77777777777777711111111111111111111111111111111111
11111111111111177777777777777711111111111111111111
77777777777777722222222222222222222222222222222222
8
11.3994,-18.2428,2,7
-26.9067,-2.35403,2,7
5.21958,17.0725,1,7
17.7594,10.2534,2,7
3.62044,-4.98311,0,0
-0.60601,8.66635,0,0
6.47197,21.1689,2,7
0.277143,3.96334,0,0
8
-2.76452,-6.84242,0,3
-3.20162,-10.472,0,7
15.9302,12.446,2,7
8.68228,2.00446,0,3
-9.36453,1.99049,0,3
1.32114,2.70873,0,3
-5.14979,-7.08808,0,3
-3.23103,-4.28772,0,3
8
4.99171,6.38909,0,2
8.72445,3.349,0,2
5.62509,-26.464,2,7
-4.99572,1.72016,0,2
0.736372,2.26632,0,2
-1.47491,1.19436,0,2
0.579924,0.406067,0,2
-1.34843,-0.412256,0,2
8
7.1043,-13.943,1,7
1.47873,-14.0692,1,7
6.29701,0.661843,0,0
-3.7415,-9.74693,0,0
-6.0717,22.6599,2,7
-5.49893,-3.85039,0,0
-9.75155,-22.9732,2,7
-0.826293,-4.68614,0,0
8
-5.33295,-14.6522,1,7
0.545368,1.16955,0,1
-13.561,-6.61413,1,7
-14.8491,10.3974,1,7
-10.5815,17.6106,2,7
5.54578,-11.893,1,7
23.2753,11.3521,2,7
-0.471499,-0.0412508,0,1
8
-1.87596,26.8275,2,7
-19.4825,2.73808,2,7
-6.11983,6.33727,0,0
-16.9937,11.0358,2,7
-6.90166,12.9801,1,7
1.21239e-08,6.75467,0,0
8.02971,-6.27349,0,0
8.59684,-12.2776,1,7
8
-20.984,14.6931,2,7
-2.40586,-10.4209,0,7
-7.06185,21.7341,2,7
-0.342358,0.277236,0,1
-18.5252,-7.48468,2,7
-4.44537,5.29778,0,1
18.7995,-20.879,2,7
0.358727,-0.7355,0,1
8
6.80117,-20.9319,2,7
1.52291,0.524382,0,6
1.13773,-21.7093,2,7
-5.31306,0.652362,0,6
15.3066,12.8438,1,7
14.6654,11.0511,1,7
-14.865,-18.3568,2,7
1.88943,27.0201,1,7
8
-14.9351,-14.4227,2,7
-1.19678,3.11773,0,4
-1.69219,-8.70557,0,4
0.235185,-0.335879,0,4
5.3593,16.4942,1,7
4.96733,16.2474,1,7
-1.79329,-14.6052,1,7
-13.7487,1.44505,1,7
8
9.28953,-1.638,0,6
9.80181,-0.342287,0,6
-1.89879,8.22456,0,6
4.17412,-8.95143,0,6
-27.2684,9.78879e-08,2,7
-0.703261,0.492429,0,6
-3.83484,-0.403058,0,6
6.55657,-11.8284,1,7
8
0.278872,7.98586,0,2
-6.17058,8.49308,0,7
14.3403,14.8498,1,7
-16.4723,-3.5013,1,7
17.1342,6.23634,1,7
-12.0608,22.683,2,7
-19.0971,12.4018,2,7
-9.27726,-7.51258,0,7
8
-16.7653,-19.9801,2,7
4.19164,3.77417,0,4
-5.5841,5.7825,0,4
-2.36544,4.64244,0,4
8.75184,12.0459,1,7
-9.26603,26.9105,2,7
-2.72694,-4.36402,0,4
11.8746,8.31466,1,7
8
-1.03254,-0.417174,0,3
0.61457,0.946355,0,3
-1.82072,6.79503,0,3
-0.687085,1.88775,0,3
20.432,10.4106,2,7
0.0920196,-0.4734,0,3
8.03829,5.02288,0,3
-20.1214,-1.40703,2,7
8
-1.10146,5.18197,0,1
-6.90534,-10.2376,0,7
7.67156,-9.81914,0,7
9.2842,17.461,1,7
23.6243,-0.412365,2,7
-7.00733,15.7387,1,7
-0.0631692,3.61896,0,1
-13.0431,4.68219e-08,1,7
8
15.9747,22.8142,2,7
6.85622,-25.5878,2,7
-2.05957,-2.54335,0,2
-2.24314,0.906286,0,2
-19.3258,19.3258,2,7
-14.1516,0.741655,1,7
-14.7994,-3.96548,1,7
-14.5549,1.52979,1,7
8
-0.419805,2.38083,0,3
-5.06013,0.531841,0,3
-13.1465,8.53746,1,7
2.77789,-13.069,1,7
-13.5672,7.21379,1,7
10.3407,0.180497,0,7
1.56591,-4.3023,0,3
4.52569,-23.2827,2,7
8
3.11396,-8.11214,0,1
9.16155,2.80097,0,1
20.3501,-5.07385,2,7
3.6332,-8.55928,0,1
-9.57819,-11.4148,1,7
22.6977,15.3098,2,7
0.073151,-0.0209757,0,1
-12.2878,-18.2173,2,7
8
11.2469,0.589423,0,7
17.3296,1.2118,1,7
19.7649,11.876,2,7
6.41965,5.58051,0,1
1.68394,-3.16702,0,1
-28.2642,3.97227,1,7
-9.61483,-9.28494,1,7
1.02209,11.6826,0,7
8
11.4135,11.0219,1,7
3.82713,-3.44596,0,0
-1.22364,-4.26733,0,0
-6.16562,-26.7062,2,7
-5.31968,-7.32191,0,0
9.39544,18.4396,2,7
-4.62976,-9.08642,0,0
-11.5565,1.21463,0,0
