20
25,25,-7
75,25,-7
125,25,-7
175,25,-7
225,25,-7
275,25,-7
325,25,-7
375,25,-7
425,25,-7
475,25,-7
25,125,-7
75,125,-7
125,125,-7
175,125,-7
225,125,-7
275,125,-7
325,125,-7
375,125,-7
425,125,-7
475,125,-7
77777777777733333333333333333333333333333333333333
11111111111177777777777711111111111111111111111111
77777777777700000000000000000000000000000000000000
11111111111177777777777711111111111111111111111111
77777777777711111111111111111111111111111111111111
11111111111177777777777711111111111111111111111111
77777777777700000000000000000000000000000000000000
11111111111177777777777711111111111111111111111111
77777777777711111111111111111111111111111111111111
66666666666677777777777766666666666666666666666666
00000000000000000000000077777777777700000000000000
00000000000000000000000000000000000077777777777700
00000000000000000000000077777777777700000000000000
00000000000000000000000000000000000077777777777700
11111111111111111111111177777777777711111111111111
00000000000000000000000000000000000077777777777700
00000000000000000000000077777777777700000000000000
11111111111111111111111111111111111177777777777711
00000000000000000000000077777777777700000000000000
00000000000000000000000000000000000077777777777700
4
19.7167,-9.39968,2,7
7.37779,3.64623,0,3
7.16248,-0.24316,0,3
17.3445,-3.35474,1,7
4
5.50415,-10.6367,0,7
14.4306,3.48678,1,7
-18.0367,-13.2261,2,7
-10.928,2.14013,0,7
4
-24.2687,5.28193,2,7
-7.2438,2.88631,0,0
2.62076,20.5738,1,7
21.5077,14.3461,2,7
4
16.4521,-20.4631,2,7
-17.213,-21.3439,2,7
24.2535,-1.61266,2,7
11.0339,2.89978,0,7
4
-14.2093,-4.75572,1,7
2.19508,-20.4223,1,7
-24.2516,16.5584,2,7
19.0083,4.23521,2,7
4
-19.2178,18.3072,2,7
0.661815,21.7547,1,7
19.0385,-19.0563,2,7
-10.4891,-3.07515,0,7
4
-14.9152,-6.56741,1,7
-2.08945,5.04274,0,0
-15.1153,2.44745,1,7
12.8297,-11.4592,1,7
4
-13.7829,24.5746,2,7
-20.3992,-8.2331,2,7
-14.6347,-0.154946,1,7
18.962,-10.057,2,7
4
10.5204,-16.0487,1,7
-20.1713,9.04206,2,7
-10.2665,23.1359,1,7
-15.2961,-13.5117,1,7
4
-9.35238,0.999212,0,6
-10.9007,24.2121,1,7
11.084,7.53192,1,7
-2.87733,-8.87327,0,6
4
24.5701,-21.0435,2,7
-19.0426,1.27111,1,7
-9.82644,-19.468,1,7
5.87188,6.94046,0,0
4
-19.2831,0.902447,2,7
5.84032,6.31042,0,0
-13.5772,14.7917,1,7
11.1391,20.4649,1,7
4
9.27504,-19.8313,1,7
-8.98654,1.44952,0,0
-4.18364,17.0127,1,7
15.5488,-4.97152,1,7
4
-1.91924,17.1511,1,7
19.2234,-9.50263,2,7
16.7213,23.1799,2,7
-3.54527,-7.00764,0,0
4
1.98671,23.8642,1,7
20.2939,17.884,2,7
-20.4188,-3.80367,2,7
-1.27567,10.8916,0,7
4
-11.484,-2.96929,0,7
3.08402,-6.9588,0,0
-18.6942,8.25276,2,7
9.05466,7.75527,0,7
4
1.06734,-1.69589,0,0
-0.902402,-20.836,1,7
21.3849,-8.75126,2,7
23.3874,-13.1178,2,7
4
21.5673,8.33697,2,7
0.962356,-15.0793,1,7
-14.6763,-0.173406,1,7
-19.7854,-21.7923,2,7
4
1.41091,1.93203,0,0
-9.70065,-15.9699,1,7
15.448,12.3301,1,7
12.1141,-16.5108,1,7
4
-4.63316,17.5439,1,7
1.39108,-0.564038,0,0
-6.38878,24.6952,1,7
23.5336,-2.22478,1,7
