20
25,25,-7
75,25,-7
125,25,-7
175,25,-7
225,25,-7
275,25,-7
325,25,-7
375,25,-7
425,25,-7
475,25,-7
25,125,-7
75,125,-7
125,125,-7
175,125,-7
225,125,-7
275,125,-7
325,125,-7
375,125,-7
425,125,-7
475,125,-7
77777777777733333333333333333333333333333333333333
11111111111177777777777711111111111111111111111111
77777777777700000000000000000000000000000000000000
11111111111177777777777711111111111111111111111111
77777777777711111111111111111111111111111111111111
11111111111177777777777711111111111111111111111111
77777777777700000000000000000000000000000000000000
11111111111177777777777711111111111111111111111111
77777777777711111111111111111111111111111111111111
66666666666677777777777766666666666666666666666666
00000000000000000000000077777777777700000000000000
00000000000000000000000000000000000077777777777700
00000000000000000000000077777777777700000000000000
00000000000000000000000000000000000077777777777700
11111111111111111111111177777777777711111111111111
00000000000000000000000000000000000077777777777700
00000000000000000000000077777777777700000000000000
11111111111111111111111111111111111177777777777711
00000000000000000000000077777777777700000000000000
00000000000000000000000000000000000077777777777700
8
23.1224,-22.5062,2,7
13.9889,-19.0783,1,7
14.9167,20.8982,2,7
15.8311,-17.8339,2,7
21.2023,-16.1798,2,7
8.09295,19.9253,1,7
7.91049,-12.691,1,7
-23.6189,-3.879,1,7
8
19.6676,-6.22996,2,7
5.97727,18.1641,1,7
11.074,8.03025,1,7
1.80493,24.6273,1,7
-19.5007,18.4281,2,7
-15.6864,-15.5554,1,7
21.7568,20.8239,2,7
-17.433,24.2506,2,7
8
-11.5114,14.1673,1,7
5.71101,-20.6802,1,7
21.3334,1.91336,2,7
-11.8601,4.42635,1,0
-3.16135,21.0504,1,7
16.7353,-1.78028,1,7
-7.82858,12.3602,1,7
-7.11268,10.9415,1,7
8
-13.9486,-2.98454,1,7
-23.6323,12.8564,2,7
-3.35719,-18.133,1,7
6.28445,5.95641,0,1
-8.68836,3.04126,0,1
1.78032,-1.12138,0,1
2.29187,-13.4069,1,7
12.3673,-8.54086,1,7
8
16.687,-12.2075,1,7
-5.7825,-20.173,1,7
17.2189,16.0562,2,7
-24.1226,8.95423,2,7
-10.7241,-6.95121,1,7
-3.68559,7.16319,0,1
-21.0098,14.6519,2,7
18.2146,1.00571,1,7
8
6.07098,22.6485,1,7
22.8866,-12.6446,2,7
3.60492,-10.8017,0,7
15.3967,-19.6148,2,7
13.0769,-7.31144,1,7
-8.02162,0.444143,0,1
9.14769,-15.7175,1,7
-7.86883,21.9402,1,7
8
-3.04188,14.1591,1,7
-5.44382,-2.16451,0,0
-1.88666,8.83205,0,0
15.8843,19.4278,2,7
-9.00476,19.8745,1,7
9.07962,-15.7901,1,7
-4.11977,0.0991957,0,0
15.2808,-6.47126,1,7
8
-22.3637,22.1337,2,7
12.1841,18.033,1,7
-22.4811,0.260955,2,7
-14.2785,-5.50271,1,7
-24.2949,19.8692,2,7
3.7798,-7.16374,0,1
16.8094,-17.7202,2,7
14.7944,5.96855,1,7
8
-12.3701,-20.9181,1,7
-14.3319,-21.4859,2,7
23.5096,1.66329,2,7
23.3887,7.58927,2,7
10.8731,-5.73111,0,7
-17.3115,1.15398,1,7
12.7976,5.67428,1,7
3.79024,9.9313,0,7
8
-3.1768,12.4502,1,6
18.1193,7.5447,1,7
-18.0525,18.8244,2,7
2.41391,10.7273,0,6
-13.3393,-5.77666,1,7
18.0071,-23.545,1,7
-24.8081,-5.15687,2,7
-10.9151,-20.7262,1,7
8
-7.40094,-22.2166,1,7
-17.8255,-9.01227,1,7
10.3727,18.0476,1,7
10.2566,18.0612,1,7
-5.7984,-1.94574,0,0
-1.26456,22.9918,1,7
-17.0144,16.5938,1,7
-5.18496,20.4358,1,7
8
-22.6403,-22.6167,2,7
3.5375,4.77365,0,0
13.1106,15.1982,1,7
23.997,6.11769,2,7
16.6532,24.1889,2,7
-24.0392,-19.2619,2,7
-21.5373,6.47201,2,7
-1.66281,-18.7539,1,7
8
14.3249,16.6188,1,7
6.69409,-0.418455,0,0
9.67996,-24.1043,1,7
22.6358,-16.5846,2,7
23.8875,-19.3786,2,7
-24.9908,-6.29743,2,7
-23.9429,9.72227,2,7
-3.93769,-21.5596,1,7
8
-24.164,16.551,2,7
-21.5421,24.833,2,7
-2.33135,20.1112,1,7
24.0218,-1.37053,2,7
-24.1507,-22.5155,2,7
-19.8985,-0.813523,2,7
-16.2694,18.748,2,7
-11.4886,-24.6506,1,7
8
13.0929,10.0294,1,7
1.33774,10.7287,0,7
18.4448,0.225273,2,7
16.3501,18.4539,2,7
18.9278,17.4072,2,7
3.17621,-10.0098,0,7
20.8476,16.436,2,7
-9.17389,12.3986,1,7
8
-9.34093,-14.9327,1,7
15.0051,-10.3191,1,7
8.69673,15.8544,1,7
-7.83459,13.7982,1,7
-9.95917,0.896018,0,0
7.54616,3.55223,0,0
1.24542,-17.0118,1,7
-8.35483,-13.7252,1,7
8
-22.6261,-20.2805,2,7
-15.4488,18.724,2,7
23.1735,-21.5209,2,7
11.1313,1.34966,0,0
-6.53078,6.97893,0,0
-7.21436,9.29533,0,0
-5.62247,-12.3204,1,7
24.9544,4.44479,2,7
8
-10.3647,-11.8585,1,7
18.539,6.80071,2,7
-23.0603,-16.4202,2,7
-17.3033,9.4859,1,7
12.132,8.94215,1,7
17.4741,-21.2228,2,7
20.2169,1.80007,2,7
-18.8489,24.9365,2,7
8
24.8752,23.1099,2,7
14.8304,11.0065,1,7
-0.540419,-16.7004,1,7
-7.01461,17.2452,1,7
17.5949,12.3629,2,7
-20.0752,17.5493,2,7
-8.19228,-17.3906,1,7
-17.8154,4.94924,1,7
8
13.9853,6.88897,1,7
-15.2718,21.6821,2,7
-8.62513,21.8603,1,7
5.62422,-16.151,1,7
-24.3625,0.841148,2,7
10.649,-18.2114,1,7
0.777606,-2.99966,0,0
-18.3362,-1.11248,2,7
