25
25,25,-7
75,25,-7
125,25,-7
175,25,-7
225,25,-7
25,75,-7
75,75,-7
125,75,-7
175,75,-7
225,75,-7
25,125,-7
75,125,-7
125,125,-7
175,125,-7
225,125,-7
25,175,-7
75,175,-7
125,175,-7
175,175,-7
225,175,-7
25,225,-7
75,225,-7
125,225,-7
175,225,-7
225,225,-7
00000000000000077777777777777700000000000000000000
11111111111111111111111111111177777777777777711111
77777777777777711111111111111111111111111111111111
11111111111111177777777777777711111111111111111111
00000000000000000000000000000077777777777777700000
77777777777777711111111111111111111111111111111111
11111111111111177777777777777711111111111111111111
00000000000000000000000000000077777777777777700000
77777777777777711111111111111111111111111111111111
11111111111111177777777777777711111111111111111111
11111111111111111111111111111177777777777777711111
77777777777777711111111111111111111111111111111111
11111111111111177777777777777711111111111111111111
00000000000000000000000000000077777777777777700000
77777777777777700000000000000000000000000000000000
00000000000000077777777777777700000000000000000000
00000000000000000000000000000077777777777777700000
77777777777777711111111111111111111111111111111111
00000000000000077777777777777700000000000000000000
11111111111111111111111111111177777777777777711111
77777777777777711111111111111111111111111111111111
11111111111111177777777777777711111111111111111111
11111111111111111111111111111177777777777777711111
77777777777777711111111111111111111111111111111111
00000000000000077777777777777700000000000000000000
32
15.8225,-8.57094,1,7
-14.4216,-17.3401,1,7
21.9205,20.9509,2,7
-7.76638,13.0302,1,7
-4.85865,23.2683,2,7
-4.02155,14.3363,1,7
21.4395,-11.5811,2,7
-18.7958,24.8656,2,7
18.5391,20.5511,2,7
-18.7504,23.2964,2,7
-17.8818,-21.7189,1,7
-17.9566,15.4939,1,7
20.477,24.4979,2,7
4.6874,0.547143,0,0
-11.5575,11.0627,1,7
23.151,-20.735,2,7
-22.5082,-16.2706,1,7
-13.075,24.4123,2,7
-20.3197,4.1586,1,7
12.4425,-0.178364,0,0
2.42688,-16.579,1,7
-10.842,-1.13366,0,0
-3.16012,-4.63783,0,0
-1.26805,-9.62104,0,0
-9.08677,4.98157,0,0
-11.3246,-1.96853,0,0
8.26267,-4.28117,0,0
-11.4746,3.73968,0,0
-4.78325,18.2128,2,7
-20.7132,8.65926,1,7
4.27557,-22.5622,1,7
12.9243,6.76738,1,7
32
24.8493,6.17965,2,7
-9.15246,4.00787,0,1
-6.37785,15.6692,1,7
-18.5652,2.04311,2,7
-20.1729,5.3011,2,7
23.883,0.1893,2,7
-20.967,-10.7381,2,7
16.1025,9.01461,1,7
2.93734,-10.866,0,7
-7.72272,23.6562,2,7
2.65942,21.017,2,7
-6.12707,-4.12776,0,1
-24.6962,-22.4678,2,7
-24.8522,-22.2584,2,7
15.4565,6.91518,1,7
-11.0911,15.3058,1,7
-11.9052,4.75642,1,7
-5.68637,6.71697,0,1
-4.5744,0.748385,0,1
-16.2399,0.252732,1,7
-18.9505,-17.3569,2,7
-24.558,-14.9175,2,7
-3.095,16.5446,1,7
19.0971,24.8423,2,7
-19.3214,-13.6256,2,7
23.4985,8.33798,2,7
-17.6086,-7.62854,1,7
-20.7898,-17.3049,2,7
-5.09636,-20.642,1,7
-14.5632,-14.6399,1,7
11.2732,-0.654355,0,7
-24.3341,24.368,2,7
32
-5.02049,6.08499,0,1
-0.472328,20.7279,2,7
14.8451,24.7804,2,7
-23.2226,22.4881,2,7
-24.7776,-13.1401,2,7
-5.60687,16.767,1,7
-19.043,-5.76453,2,7
22.4456,-7.66854,2,7
-7.266,5.78354,0,1
-0.277171,10.1055,0,7
9.99376,7.41797,0,7
-19.9909,14.3518,2,7
17.8547,-9.63078,2,7
0.624981,-7.79962,0,1
-8.96489,-0.00699885,0,1
-3.69755,11.0146,0,7
-18.922,20.8301,2,7
6.74252,20.9231,2,7
20.6105,8.5199,2,7
18.4112,20.833,2,7
20.3798,-12.1957,2,7
12.6,-23.6631,1,7
7.0398,10.0455,0,7
-6.33169,24.7738,2,7
-9.17094,18.3911,2,7
9.87925,-24.1772,1,7
0.809111,14.8883,1,7
15.1746,-6.33616,1,7
-19.7424,-9.20041,2,7
10.8642,-3.70732,0,7
15.7926,-17.8333,2,7
-17.6927,21.8706,2,7
32
14.0498,17.7936,2,7
23.6073,-2.43027,2,7
11.2048,19.4403,2,7
-7.05046,24.0092,2,7
7.04023,-5.71361,0,1
6.04895,-7.91425,0,1
12.9547,5.82275,1,7
7.91481,6.34584,0,7
-9.29801,8.73764,1,7
-17.845,-19.4097,2,7
-1.08775,0.818795,0,1
-14.1521,14.7118,1,7
-13.317,7.14057,1,7
5.50443,-6.15031,0,1
14.4479,2.37501,1,7
-3.15352,3.4977,0,1
-4.83134,-4.54621,0,1
-23.9326,-18.6265,2,7
-10.1059,-5.98304,0,7
-19.6173,21.9343,2,7
13.3034,11.4316,1,7
-10.98,1.25805,0,7
-7.74565,21.9349,2,7
-17.3961,7.95634,1,7
5.6725,-10.2412,0,7
13.5467,-20.4153,1,7
15.5776,24.3946,2,7
19.2966,-22.7393,2,7
6.53515,-0.198983,0,1
-3.88966,-4.01698,0,1
-22.824,17.9568,2,7
24.4807,-2.65531,2,7
32
-24.4519,3.71819,2,7
3.30467,-5.43489,0,0
9.10084,0.238964,0,0
-17.1315,-4.46755,1,7
14.259,9.12651,1,7
12.7868,11.1939,1,7
16.7304,-4.25685,1,7
-8.13363,-18.5108,1,7
-15.7102,-3.54889,1,7
22.0669,-16.3156,1,7
-9.2523,24.3275,2,7
15.2195,15.5487,1,7
-4.56212,-13.7974,1,7
17.7248,-11.6053,1,7
-14.3167,-9.93056,1,7
1.8053,-13.7686,1,7
18.7876,-19.89,1,7
5.79654,2.88847,0,0
5.34894,13.665,1,7
23.4209,-5.39205,1,7
-2.20849,11.2077,0,0
-19.1982,-10.4781,2,7
-18.0491,-2.33182,1,7
-3.98884,-8.75931,0,0
19.1193,-6.92196,1,7
-0.0749186,-15.133,1,7
-7.59442,-9.85537,0,0
-24.5843,12.8435,2,7
1.34719,18.1405,1,7
-23.7619,12.0305,2,7
-16.7901,3.04345,1,7
23.2619,-23.0025,1,7
32
4.05846,4.886,0,1
-11.4976,-7.27654,1,7
3.30692,8.11031,0,1
15.515,-10.4854,1,7
13.9121,-19.9631,2,7
-3.5345,-13.4197,1,7
1.04805,12.7062,1,7
-19.3004,19.1261,2,7
-12.3687,-9.43341,1,7
-13.4683,2.77589,1,7
-9.01769,24.3751,2,7
-20.8769,-15.8772,2,7
-24.3867,16.1536,2,7
-7.66732,3.65673,0,1
14.4155,-5.66979,1,7
-13.1898,-6.52605,1,7
24.2162,0.312522,2,7
11.1974,2.52312,0,7
-16.5772,1.71239,1,7
17.0378,22.335,2,7
6.74929,-11.4967,1,7
-16.0847,-17.2027,2,7
-23.7906,-10.3851,1,7
-23.0766,-11.1593,1,7
5.18146,-11.5449,1,7
16.6166,21.1638,2,7
-12.1698,20.7397,2,7
-19.7135,-11.5565,1,7
11.8932,-2.38079,0,7
17.1002,1.30873,1,7
16.9494,-21.0896,2,7
19.7827,16.1656,2,7
32
5.9801,-6.31125,0,1
12.6457,-17.3075,2,7
-14.2735,9.9807,1,7
14.4418,-0.770239,1,7
18.896,22.2391,2,7
0.439197,-16.4892,1,7
24.1625,14.2799,2,7
13.6923,-12.3824,1,7
5.89649,9.85606,0,7
0.447872,1.63616,0,1
15.1426,13.8914,1,7
-11.4706,-12.2382,1,7
5.99159,14.8381,1,7
-20.2888,9.90196,2,7
9.62081,20.8769,2,7
-10.8751,-9.39909,1,7
-10.4344,-23.2294,2,7
-1.7066,0.292116,0,1
11.7513,-12.2648,1,7
24.5219,5.64725,2,7
-15.0257,-0.0389259,1,7
14.1581,-15.8632,1,7
-10.759,2.85038,0,7
-3.24552,20.1375,2,7
-12.2936,22.2024,2,7
-3.22638,-22.151,2,7
11.0937,10.303,1,7
-9.38916,-7.91469,0,7
0.141153,-4.67793,0,1
-23.0127,-15.238,2,7
-8.80108,-8.88787,1,7
0.362876,5.76453,0,1
32
23.6563,-18.9434,2,7
-20.366,-13.6086,2,7
-19.4215,10.2813,2,7
-3.63427,5.5396,0,0
-0.560647,5.50257,0,0
19.7806,-22.7103,2,7
-22.7429,14.918,2,7
-10.0038,24.4594,2,7
-13.3084,-7.15481,1,7
10.5531,21.9947,2,7
8.45603,-22.3616,2,7
-2.86418,-21.2219,2,7
-20.3743,6.89778,2,7
-5.02298,-4.26216,0,0
-17.7393,-24.2584,2,7
13.6206,-19.0831,2,7
-18.2018,18.2546,2,7
-7.69162,-12.6233,1,7
3.53585,13.6741,1,7
17.9163,-22.0248,2,7
-5.82332,12.6969,1,7
-19.7351,-3.56627,2,7
2.61493,-4.73891,0,0
-4.10686,14.3066,1,7
13.1063,-18.5537,2,7
11.3012,-3.43769,0,7
-15.9153,-16.5629,2,7
0.340399,-11.2896,0,7
15.3348,20.3174,2,7
9.44826,22.5955,2,7
21.059,-1.93118,2,7
-21.4876,-22.1428,2,7
32
-4.17919,-9.7661,0,7
19.8592,-15.5051,2,7
-16.8498,22.8344,2,7
3.67161,20.8471,2,7
-21.9006,-24.8947,2,7
-1.53794,-1.63954,0,1
-4.00152,-12.2314,1,7
-13.5333,2.44475,1,7
24.0699,8.02905,2,7
11.5295,-17.4931,2,7
-16.6306,-24.7601,2,7
22.8418,-21.3131,2,7
9.68812,20.4373,2,7
24.7458,-17.2431,2,7
23.9497,-22.397,2,7
-0.919658,-5.22951,0,1
-7.1631,-6.06041,0,1
4.26542,0.987124,0,1
-8.22597,-17.063,1,7
-3.16575,-5.1266,0,1
-16.9576,20.2963,2,7
18.2339,4.04085,2,7
-16.9351,-20.2994,2,7
-18.5144,-17.8652,2,7
12.7297,18.015,2,7
-10.3583,21.0991,2,7
18.2549,-12.5165,2,7
24.786,2.94304,2,7
-17.0793,24.5318,2,7
10.7,-18.1296,2,7
-22.8652,-15.2197,2,7
1.64092,-5.02831,0,1
32
-19.0937,20.9588,2,7
20.4939,-11.1566,1,7
-7.20694,-9.63265,0,7
-3.11428,-11.9106,0,7
-16.3988,-24.0734,2,7
-3.84569,-11.6982,0,7
-17.5878,3.28912,1,7
-23.9685,-24.5728,2,7
17.9308,22.1306,2,7
18.6821,-19.5857,2,7
21.9165,-3.37483,1,7
-11.6649,21.4483,2,7
-17.6748,-4.79452,1,7
23.5831,-7.89451,1,7
21.8464,-6.4452,1,7
20.8254,-22.2473,2,7
-10.4864,16.3193,1,7
-8.40391,7.30667,0,7
-18.3133,13.4818,2,7
20.396,-9.7121,1,7
14.4084,-8.44965,1,7
3.58972,21.8205,2,7
19.8395,4.62119,1,7
22.2478,12.7703,1,7
1.75175,15.9299,1,7
18.1846,-1.33172,1,7
-12.4449,-18.4803,2,7
-4.88341,-5.11978,0,1
1.72518,-6.3003,0,1
11.9857,-1.42842,0,7
12.2545,7.8111,1,7
1.32431,-23.2319,2,7
32
17.9204,9.07478,2,7
5.81714,6.40222,0,1
4.47082,21.105,2,7
-4.1894,21.0212,2,7
-0.305237,-7.36885,0,1
15.8606,-20.684,2,7
-10.1211,3.63095,0,7
6.0677,-19.1912,2,7
-3.18441,-20.264,2,7
-6.63615,3.33528,0,1
-0.147424,13.2441,1,7
-19.9395,18.5523,2,7
0.229769,3.63204,0,1
5.80678,-16.9591,1,7
-20.0437,7.57488,1,7
7.17132,22.8767,2,7
-8.35034,-12.0115,1,7
4.27896,21.1205,2,7
-15.9065,-24.9104,2,7
17.1417,8.78827,1,7
-7.27929,8.00229,0,7
13.1042,7.59962,1,7
-13.3668,-5.82808,1,7
13.4084,8.44884,1,7
-1.0921,-18.2277,1,7
-13.2159,23.7605,2,7
20.0163,-8.15542,2,7
17.3128,-4.7539,1,7
20.4766,-1.88047,2,7
3.28697,-24.567,2,7
-19.3056,-14.5417,1,7
23.3097,-2.65594,2,7
32
2.58867,-6.53546,0,1
7.54025,2.67823,0,1
-14.3938,-8.67149,1,7
20.3989,18.6085,2,7
-20.5673,2.99855,2,7
-19.7583,-1.39535,2,7
-8.59304,13.6906,1,7
22.5125,-1.82077,2,7
-24.5253,21.273,2,7
-6.80444,-7.68073,0,7
13.5858,13.4417,1,7
-12.2041,-13.2947,1,7
-8.27137,-11.7712,1,7
-7.60029,2.18691,0,1
-13.4615,14.7438,1,7
-24.3663,14.1272,2,7
-16.7917,8.17391,1,7
-8.19456,-6.18549,0,7
24.5024,-12.7956,2,7
-12.577,-21.0649,2,7
15.2029,-7.33527,1,7
2.53979,-18.3901,2,7
-18.6447,0.0523365,2,7
4.78912,-18.17,2,7
-3.67464,22.9847,2,7
-0.850751,-15.0889,1,7
11.4263,11.9451,1,7
-3.38356,-21.845,2,7
-24.826,14.0162,2,7
5.34187,-13.2875,1,7
3.75993,5.97553,0,1
-24.1603,11.9683,2,7
32
-7.35483,-19.2172,2,7
-11.3481,4.84955,0,7
-6.79424,-7.413,0,7
-4.94752,10.8705,0,7
20.1268,1.66238,2,7
17.2258,-4.82088,1,7
-18.5485,24.0558,2,7
16.5045,-20.5638,2,7
-1.79499,-23.5844,2,7
15.8625,-14.8499,1,7
-1.96794,19.0175,2,7
-14.6759,-12.9518,1,7
-0.640656,-2.96337,0,1
15.8081,-19.6651,2,7
-2.12363,2.7764,0,1
-5.51569,15.5215,1,7
8.55916,8.13616,0,7
-4.62891,-23.2351,2,7
-24.2768,15.4236,2,7
12.6354,20.85,2,7
-7.91405,4.86119,0,1
-8.97092,-1.46255,0,1
3.91696,-17.4664,1,7
2.97362,-22.878,2,7
-16.0508,-6.16386,1,7
-12.7279,6.98123,1,7
-12.1464,-2.40377,0,7
19.0294,12.2129,2,7
19.6329,9.83759,2,7
17.5478,-7.49077,1,7
-12.386,-12.9679,1,7
-16.9692,21.1732,2,7
32
3.40186,22.9381,2,7
20.8915,-6.17457,2,7
10.5735,16.7414,1,7
10.9114,-9.56532,1,7
-17.2295,-15.5512,2,7
19.3516,-9.69595,2,7
12.4224,21.4736,2,7
-0.746778,-18.7414,2,7
-16.2543,-18.7655,2,7
-5.88781,6.34195,0,0
-24.7361,-18.6749,2,7
0.97481,10.1015,0,0
23.873,18.484,2,7
22.7155,-14.0949,2,7
-23.4852,18.8887,2,7
-18.9266,4.91666,2,7
16.8267,-23.0351,2,7
23.7421,2.40022,2,7
18.7063,9.65346,2,7
17.8349,-23.5232,2,7
19.1023,12.1865,2,7
-8.21919,6.52474,0,0
8.66016,16.034,1,7
12.7833,17.4059,2,7
22.2685,-18.1045,2,7
-1.25217,22.5324,2,7
-11.7793,24.7226,2,7
7.63389,-12.9064,1,7
18.2067,5.34938,2,7
-2.00128,19.7215,2,7
-0.761966,4.07212,0,0
-0.361864,-8.93523,0,0
32
-1.61978,18.465,2,7
-0.256739,-16.9663,1,7
11.2999,1.22002,0,7
-22.864,-1.51356,2,7
18.0008,8.66071,1,7
-17.8534,9.03486,2,7
-3.55597,24.5525,2,7
6.30335,3.33955,0,0
-1.6997,3.83574,0,0
16.5602,-1.97706,1,7
-13.5304,-21.3462,2,7
-8.77038,16.819,1,7
1.65254,-14.0489,1,7
-8.94295,-19.2753,2,7
10.5892,7.12182,1,7
11.7616,-16.0305,1,7
0.586809,-13.4951,1,7
-7.99686,-13.1133,1,7
12.7249,-5.86089,1,7
10.3732,5.72576,0,7
-22.2002,17.5198,2,7
-10.2394,-0.756152,0,7
17.0722,21.064,2,7
-22.4166,-9.62746,2,7
-0.100279,19.1436,2,7
13.3955,11.3694,1,7
22.7974,-20.3749,2,7
3.18837,-0.550046,0,0
-9.42381,19.2454,2,7
5.17462,-23.8346,2,7
1.36724,-8.06373,0,0
-14.8651,-23.046,2,7
32
2.138,-11.1592,0,0
-8.83389,21.2771,2,7
24.2139,21.8919,2,7
24.0769,16.7337,2,7
-13.3475,-1.67922,1,7
8.80589,-17.2835,1,7
0.904171,24.1784,2,7
7.6162,-4.95224,0,0
12.5739,-6.01445,1,7
-7.15482,17.199,1,7
22.1739,17.2951,2,7
-17.2248,16.4193,2,7
-2.53025,-16.0594,1,7
-7.21342,14.406,1,7
-5.92453,-5.25937,0,0
-7.15281,21.2135,2,7
8.58138,9.01329,0,0
17.4906,7.79529,1,7
5.90516,16.5675,1,7
-0.471049,17.5577,1,7
-10.1117,-16.6652,1,7
-24.7259,15.7925,2,7
-17.4867,7.89034,1,7
-14.1598,20.0872,2,7
-23.1241,3.6854,1,7
12.2862,24.0498,2,7
-4.01947,20.0613,2,7
15.4692,18.4503,2,7
-20.998,-16.7443,2,7
7.85629,-1.92258,0,0
2.99636,-24.2965,2,7
-5.7091,-13.4223,1,7
32
-13.2185,19.373,2,7
-9.37806,-21.651,2,7
-6.09801,-16.8204,1,7
-6.76271,2.23683,0,0
-16.5463,-15.9702,2,7
9.7501,16.3441,1,7
-5.13002,4.83727,0,0
18.22,23.5554,2,7
-7.87657,17.2698,1,7
-5.46408,-12.8152,1,7
7.73893,-12.0138,1,7
-8.81327,15.9947,1,7
20.8425,14.2642,2,7
-6.00898,21.546,2,7
-16.4449,5.56877,1,7
6.26276,-4.66347,0,0
-0.0581903,21.8847,2,7
-1.31446,18.8438,2,7
-19.9357,16.9228,2,7
-3.91937,-11.482,0,7
-24.0474,-19.1693,2,7
-20.1379,-4.17743,2,7
10.668,23.0821,2,7
-5.62204,-22.2086,2,7
15.3519,13.9139,1,7
-10.0238,-1.9092,0,7
-23.0999,6.16293,2,7
-10.9145,22.7426,2,7
-4.57291,8.07648,0,0
19.2886,3.98214,2,7
-11.3547,0.551324,0,7
24.3187,13.5871,2,7
32
-1.99579,7.43086,0,1
2.50032,-10.073,0,7
-21.4885,16.0184,2,7
-9.12038,-15.6578,1,7
20.8805,11.7022,2,7
20.0102,18.9626,2,7
-18.9199,22.8016,2,7
9.31445,19.994,2,7
-12.2222,-17.5948,2,7
21.8941,18.9408,2,7
-3.50929,19.6367,2,7
-10.6321,-20.4328,2,7
13.9253,18.35,2,7
-6.78756,-10.5234,1,7
17.6687,-18.2005,2,7
11.9126,-9.32713,1,7
14.2304,-10.5871,1,7
5.5999,17.7419,1,7
-19.5687,21.4795,2,7
-22.9159,-23.6882,2,7
8.18171,22.0943,2,7
20.2744,14.2619,2,7
19.8959,4.58883,2,7
9.25589,-17.3262,1,7
11.9941,6.15,1,7
-23.3855,-16.5152,2,7
0.786705,-9.01761,0,1
-11.948,-10.288,1,7
-15.6676,6.26442,1,7
4.18857,-22.999,2,7
13.0639,-8.89882,1,7
-7.32609,2.2943,0,1
32
23.2738,-4.96384,2,7
10.9454,19.7533,2,7
-2.87976,12.2572,1,0
2.93503,-5.78546,0,0
7.53159,-7.80311,0,0
-10.8895,-12.8796,1,7
-23.5472,-3.21576,2,7
24.1145,7.60278,2,7
-1.60122,-17.4007,1,7
-16.6105,14.3812,2,7
-4.34873,-1.89854,0,0
23.7136,-23.0843,2,7
-22.71,-24.2854,2,7
14.9796,-6.60879,1,7
-6.6115,-7.72608,0,0
23.9053,-8.33769,2,7
12.3101,9.85075,1,7
-13.5844,-15.5697,1,7
-2.89203,14.3507,1,7
3.64486,-20.3604,2,7
-18.4524,17.7553,2,7
-8.24002,-16.9997,1,7
-10.4604,-9.12551,1,7
15.6031,12.9383,1,7
-1.52622,23.9926,2,7
2.31951,19.125,2,7
-2.90593,1.03307,0,0
21.0407,-0.615905,2,7
1.74766,11.0204,0,0
17.7753,20.1362,2,7
-21.7057,16.6806,2,7
-13.2015,15.6044,1,7
32
-1.7859,-24.9653,2,7
23.6393,-12.4352,1,7
3.67954,-21.7211,2,7
-5.88767,-3.56512,0,1
-4.96111,2.11267,0,1
10.9744,10.9134,1,7
-7.28421,-1.0872,0,1
-15.6128,-8.2916,1,7
-23.7677,-21.4878,2,7
13.8025,2.26538,1,7
24.5529,-11.8134,1,7
-20.987,10.5733,2,7
-19.0381,24.1492,2,7
13.8676,22.6425,2,7
-14.0523,4.47192,1,7
-0.826124,9.16177,0,1
4.5066,-2.18678,0,1
21.7265,-16.8139,2,7
1.09213,-9.16113,0,1
4.62102,21.131,2,7
17.9515,-9.40453,1,7
7.0444,-14.3327,1,7
14.5083,16.4316,1,7
2.37574,15.7406,1,7
19.9438,-8.8218,1,7
-6.99405,19.4967,2,7
4.36476,-2.98102,0,1
5.06998,10.3266,0,7
-3.83182,-6.06245,0,1
7.96912,7.11584,0,7
23.4095,-17.857,2,7
-8.72239,2.91607,0,1
32
-11.9959,11.1022,1,7
-18.9517,3.84302,1,7
-9.27676,-22.8206,2,7
-3.20543,6.3187,0,1
9.22376,7.46191,0,7
-4.17303,0.655315,0,1
-15.1624,-13.4325,1,7
-4.40093,1.01584,0,1
4.57349,-9.90424,0,7
-19.6194,-23.4075,2,7
20.1657,15.7072,2,7
-2.23935,-10.8967,0,7
-1.32365,-20.1235,2,7
-12.4872,5.81934,1,7
-3.8459,15.4288,1,7
-14.2244,9.15825,1,7
1.53106,-8.1761,0,1
-11.9987,17.2543,1,7
-5.99673,9.79585,0,7
-1.427,-21.773,2,7
-7.74225,19.4,1,7
3.88235,2.0954,0,1
-19.0325,24.4814,1,7
-21.8888,10.541,1,7
-10.4228,-16.5082,1,7
12.1335,-15.2571,1,7
24.1991,-15.1059,2,7
-1.15379,-2.12458,0,1
-10.2294,11.359,1,7
-21.3052,10.9247,1,7
1.78782,-10.5297,0,7
-4.91704,-21.6811,2,7
32
8.08424,20.5732,1,7
-24.7025,-7.11992,2,7
-5.85383,-21.4755,2,7
10.1378,-11.4539,1,7
7.40687,-12.7668,1,7
-5.48636,6.88828,0,1
-9.65552,-19.9454,2,7
21.4655,-1.16367,2,7
17.1881,-18.7916,2,7
-1.9646,-22.9178,2,7
5.05458,20.9108,1,7
-8.14715,-8.58643,0,7
24.6056,-22.2224,2,7
18.2014,-10.9241,2,7
-2.13948,21.5203,1,7
20.3701,-19.0552,2,7
17.0935,20.6676,2,7
-1.17515,-13.7604,1,7
24.1921,-16.0373,2,7
-0.214237,6.599,0,1
-3.80408,19.2994,1,7
-11.5127,11.5404,1,7
24.354,-15.0473,2,7
-14.6233,16.5422,1,7
-8.8389,8.41213,0,7
18.6244,21.2157,2,7
4.32295,-14.5228,1,7
-12.3707,3.92853,1,7
-11.7452,-19.1694,2,7
18.0044,11.1153,2,7
-22.6491,13.3746,2,7
17.0601,19.4444,2,7
32
-9.11507,-19.316,2,7
8.2343,-0.152383,0,1
5.46976,-10.1667,0,7
21.0435,-0.230831,2,7
3.32058,7.58394,0,1
-0.876784,13.2733,1,7
17.9607,-9.33463,2,7
-20.5656,1.37279,2,7
-15.7102,-24.3499,2,7
-19.3043,-5.233,2,7
-11.7206,9.62428,1,7
8.0218,-5.89,0,1
2.62871,-5.86288,0,1
-3.53907,-8.99673,0,1
-13.8028,-9.0947,1,7
-24.9546,2.08213,2,7
-3.4107,8.27974,0,1
-23.0703,-22.9409,2,7
23.113,22.9733,2,7
1.82823,1.43361,0,1
5.55723,-24.0486,2,7
-10.2931,-1.48211,0,7
-8.38318,-5.85866,0,7
24.8907,0.906583,2,7
-5.20856,-19.4136,2,7
20.6736,8.07079,2,7
15.2107,3.69538,1,7
-22.8192,-7.16058,2,7
22.8325,-1.35827,2,7
8.84269,-15.9703,1,7
14.547,8.88812,1,7
11.1118,-13.8637,1,7
32
13.0416,-11.8046,1,7
-9.7191,11.0149,1,7
15.0236,16.7145,1,7
-8.42792,15.9751,1,7
-18.5786,15.09,2,7
-17.4081,0.562776,1,7
14.9807,8.49845,1,7
20.3542,20.5671,2,7
4.17203,3.42501,0,1
10.7778,-17.1326,1,7
5.60581,-21.3828,2,7
-19.3001,-20.7525,2,7
12.4599,-10.2704,1,7
18.7946,-3.65199,2,7
-24.1586,-20.0691,2,7
13.5159,13.883,1,7
-6.87374,-21.2032,2,7
-0.102154,-16.8501,1,7
20.5113,16.4699,2,7
24.1249,-23.0673,2,7
6.5599,-18.2832,2,7
2.49551,-3.45945,0,1
15.2152,-2.15028,1,7
-7.89236,-5.61272,0,1
-23.7253,-22.1146,2,7
2.25469,6.88054,0,1
-18.4974,7.9546,2,7
11.1281,18.9625,1,7
22.6842,4.92263,2,7
-9.68947,23.5256,1,7
9.85351,-21.1736,2,7
12.4086,-22.0202,2,7
32
-12.6935,-13.8704,1,7
-21.8655,-21.2236,2,7
-14.7454,-19.9328,2,7
10.3363,-8.02864,1,7
7.56271,-18.1232,2,7
-17.8134,-19.5876,2,7
-1.01553,1.57388,0,0
-18.3128,1.86989,2,7
-21.1714,13.5677,2,7
8.37252,11.7832,1,7
-0.304234,2.33503,0,0
9.46737,-20.3816,2,7
17.6456,7.99299,1,7
14.4719,21.472,1,7
-4.5984,17.4517,1,7
-20.9049,7.70806,2,7
-21.4187,-17.7704,2,7
11.4844,-11.1641,1,7
-12.7032,-3.17928,1,7
5.80726,19.8595,1,7
3.69755,12.9939,1,7
-24.728,-22.318,2,7
-10.4323,-18.0409,2,7
4.5519,-6.60368,0,0
20.5268,-12.0756,1,7
-19.8205,-4.77743,2,7
15.2595,14.6469,1,7
-0.159035,7.90501,0,0
-2.36015,-10.6871,0,7
4.37698,18.0415,1,7
-18.2354,8.47212,2,7
0.749508,-14.6541,1,7
