25
25,25,-7
75,25,-7
125,25,-7
175,25,-7
225,25,-7
25,75,-7
75,75,-7
125,75,-7
175,75,-7
225,75,-7
25,125,-7
75,125,-7
125,125,-7
175,125,-7
225,125,-7
25,175,-7
75,175,-7
125,175,-7
175,175,-7
225,175,-7
25,225,-7
75,225,-7
125,225,-7
175,225,-7
225,225,-7
77777777777700000000000000000000000000000000000000
11111111111177777777777711111111111111111111111111
77777777777711111111111111111111111111111111111111
11111111111177777777777711111111111111111111111111
77777777777700000000000000000000000000000000000000
11111111111111111111111177777777777701111111111111
11111111111111111111111111111111111177777777777711
00000000000000000000000077777777777700000000000000
11111111111111111111111111111111111177777777777711
11111111111111111111111177777777777711111111111111
77777777777711111111111111111111111111111111111111
11111111111177777777777711111111111111111111111111
77777777777711111111111111111111111111111111111111
00000000000077777777777700000000000000000000000000
77777777777700000000000000000000000000000000000000
00000000000000000000000077777777777700000000000000
00000000000000000000000000000000000077777777777700
11111111111111111111111177777777777711111111111111
00000000000000000000000000000000000077777777777700
11111111111111111111111177777777777711111111111111
77777777777711111111111111111111111111111111111111
11111111111177777777777711111111111111111111111111
77777777777711111111111111111111111111111111111111
11111111111177777777777711111111111111111111111111
77777777777700000000000000000000000000000000000000
8
-11.1908,6.02344,1,0
-19.5998,-3.10623,1,7
-11.1483,2.15881,0,0
12.5552,16.3297,1,7
-18.2217,10.891,1,7
23.6982,9.4529,2,7
-10.0902,-2.63498,0,0
-6.9557,24.0607,2,7
8
-2.06927,-15.4452,1,7
9.39126,15.3506,1,7
17.7354,-1.76716,1,7
22.192,4.02433,2,7
11.2764,-2.25689,0,7
-18.6998,9.14899,2,7
22.0629,-4.39268,2,7
22.9581,3.08631,2,7
8
-5.14808,16.9381,1,7
-21.8337,-17.5929,2,7
8.2678,-15.0554,1,7
18.2981,6.96602,2,7
19.3975,-16.7922,2,7
-20.669,-12.5582,2,7
-17.7314,-8.75876,2,7
10.3726,-8.17656,1,7
8
0.723213,-15.4412,1,7
-1.13465,-2.08476,0,1
13.5832,-14.8583,1,7
20.6583,19.8834,2,7
19.2907,17.7212,2,7
-9.50932,17.2489,1,7
-4.19246,16.4982,1,7
-12.8992,-12.2544,1,7
8
-5.49212,21.0134,2,7
-20.3908,-12.194,2,7
2.97941,24.0068,2,7
-3.98619,7.31045,0,0
-13.5514,3.28239,1,7
23.5517,21.8212,2,7
20.1058,24.1842,2,7
-2.45561,-20.3353,1,7
8
20.4596,18.2478,2,7
8.19129,16.118,1,7
13.1312,2.48202,1,7
8.8392,-21.3782,2,7
-5.26909,-20.3533,2,7
20.1201,6.83172,2,7
-7.60767,14.7846,1,7
-23.6604,-11.5943,1,7
8
-10.8545,16.3851,1,7
18.4006,10.1594,2,7
-1.30441,-20.1508,2,7
-11.5583,-2.75271,0,7
-23.3297,-16.4524,2,7
-3.56852,-0.785266,0,1
-11.7878,19.481,2,7
-5.32564,-18.54,2,7
8
-14.2077,19.5912,2,7
-19.8457,19.6315,2,7
23.2131,-0.114764,2,7
24.2783,18.3331,2,7
-18.283,-8.3294,2,7
8.11773,-16.9435,1,7
5.07633,2.51156,0,0
-2.79791,-3.53853,0,0
8
-17.6386,20.1571,2,7
0.761309,-4.19681,0,1
-7.59565,2.43165,0,1
4.35078,13.8358,1,7
-23.3536,17.563,2,7
8.31684,-3.67925,0,1
24.0231,-14.0109,2,7
7.11308,18.6143,2,7
8
1.74462,16.8273,1,7
16.0287,1.02288,1,7
10.1604,22.7457,2,7
17.6935,-6.72184,1,7
-19.1978,-2.23019,2,7
20.7897,3.00429,1,7
19.2313,-8.29814,1,7
10.3657,14.3883,1,7
8
-18.8311,-18.2073,2,7
-5.10518,10.5197,0,7
20.6285,-3.45879,2,7
3.08272,3.94536,0,1
17.862,2.10578,1,7
14.9345,-0.024957,1,7
-4.27996,-18.922,2,7
-23.2803,-12.4526,1,7
8
2.74254,22.7078,2,7
19.8523,-4.56397,2,7
-9.01406,-24.3455,2,7
18.2058,-13.2243,2,7
3.65883,12.4371,1,7
3.47752,-10.9754,0,7
1.82546,-4.05931,0,1
-4.80651,8.61816,0,1
8
-19.2868,4.24667,2,7
-12.6233,8.79592,1,7
-16.808,-19.7613,2,7
-14.0983,23.1265,2,7
5.21372,6.62174,0,1
-20.7955,6.93338,2,7
19.1691,-23.6888,2,7
-15.3241,16.8769,2,7
8
5.11196,-17.1372,1,7
21.8181,-1.6822,2,7
-5.36151,0.476917,0,0
-14.2451,23.116,2,7
14.5015,12.5804,1,7
-5.9433,-15.305,1,7
-3.80146,-15.1078,1,7
-9.59183,-24.5548,2,7
8
24.2041,-16.3628,2,7
2.50762,-14.8942,1,7
-18.2362,-17.2787,2,7
16.7275,-14.0317,1,7
14.6547,10.8966,1,7
-12.7205,24.3306,2,7
2.7735,-16.5569,1,7
4.4426,10.6363,0,7
8
-22.2396,-19.7252,2,7
5.73805,-11.4847,1,0
-21.6092,-4.76047,1,7
-23.9043,-2.55248,1,7
4.93451,-2.70576,0,0
7.33973,20.3427,2,7
-2.26056,-20.3913,2,7
19.5468,6.37669,2,7
8
-20.3475,13.1405,2,7
14.8376,21.3801,2,7
24.1088,4.49234,2,7
7.27669,-13.6117,1,7
3.82299,-14.9498,1,7
-5.16867,-16.7344,1,7
20.6865,0.0924638,2,7
-13.974,-24.0387,2,7
8
-0.458688,-20.6479,2,7
1.07005,0.637011,0,1
1.79964,-18.9954,2,7
22.9312,-15.8606,2,7
-23.6528,-4.32931,2,7
-11.252,20.894,2,7
-22.9526,20.8643,2,7
-24.4535,15.1878,2,7
8
21.9266,14.2966,2,7
-9.80571,4.20329,0,0
-24.3151,19.0173,2,7
14.2535,-4.48378,1,7
-22.7171,9.93997,2,7
20.6087,-11.6911,2,7
10.9013,-23.5608,2,7
12.8502,15.2534,1,7
8
-11.5128,-7.94697,1,7
8.51381,-13.5816,1,7
1.1924,9.86104,0,1
7.08912,14.9404,1,7
5.75503,9.1365,0,7
10.8048,6.30157,1,7
-0.675653,-3.49329,0,1
3.22818,-11.379,0,7
8
-17.5685,-10.6941,1,7
5.71827,21.6849,1,7
9.82208,8.00114,1,7
6.6249,5.43077,0,1
21.31,-7.47383,2,7
6.86997,9.16018,0,7
-17.2204,-15.6208,1,7
22.6474,-0.167408,2,7
8
-15.9342,-23.975,2,7
2.75408,16.1549,1,7
15.9654,-16.4909,2,7
0.291421,1.7702,0,1
14.8107,24.6158,2,7
23.2769,-6.96114,2,7
-11.7633,9.9779,1,7
0.470324,2.54259,0,1
8
-2.84474,-12.6353,1,7
23.6973,-21.2198,2,7
17.7954,20.0073,2,7
-3.69366,-0.334582,0,1
4.1675,4.0859,0,1
9.04464,1.81487,0,1
-21.0815,1.93768,2,7
10.8807,-20.0565,2,7
8
2.03559,20.9089,1,7
-11.7991,-22.673,2,7
-2.32088,-21.9884,2,7
-23.0572,-4.04398,2,7
-3.94958,-9.82049,0,7
-19.0661,21.5207,2,7
17.7221,-3.3699,1,7
-6.324,-19.9132,2,7
8
-2.54384,22.8822,1,7
-9.66527,18.7625,1,7
-2.45235,19.5022,1,7
-2.1516,-18.4077,2,7
-3.6829,1.7669,0,0
8.52997,-17.8022,2,7
6.71038,13.2217,1,7
9.23336,2.6193,0,0
