19
0,0,-7,1,2,3,4,5,6
0,50,-7,7,8,2,0,6,18
43.3,25,-7,8,9,10,3,0,1
43.3,-25,-7,2,10,11,12,4,0
0,-50,-7,0,3,12,13,14,5
-43.3,-25,-7,6,0,4,14,15,16
-43.3,25,-7,18,1,0,5,16,17
0,100,-7,8,1,18
43.3,75,-7,9,2,1,7
86.6,50,-7,10,2,8
86.6,0,-7,11,3,2,9
86.6,-50,-7,12,3,10
43.3,-75,-7,13,4,3,11
0,-100,-7,14,4,12
-43.3,-75,-7,15,5,4,13
-86.6,-50,-7,16,5,14
-86.6,0,-7,17,6,5,15
-86.6,50,-7,18,6,16
-43.3,75,-7,7,1,6,17
77777777777777700000000000000000000000000000000000
00000000000000077777777777777700000000000000000000
11111111111111111111111111111177777777777777711111
11111111111111177777777777777711111111111111111111
22222222222222222222222222222277777777777777722222
00000000000000077777777777777700000000000000000000
00000000000000000000000000000077777777777777700000
33333333333333333333333333333377777777777777733333
77777777777777700000000000000000000000000000000000
11111111111111177777777777777711111111111111111111
77777777777777711111111111111111111111111111111111
11111111111111111111111111111177777777777777711111
77777777777777711111111111111111111111111111111111
44444444444444477777777777777744444444444444444444
77777777777777700000000000000000000000000000000000
11111111111111111111111111111177777777777777711111
77777777777777711111111111111111111111111111111111
33333333333333377777777777777733333333333333333333
77777777777777711111111111111111111111111111111111
4
-21.5934,-2.34259
-1.48613,1.07974
-0.0545378,0.128483
-0.553845,0.921753
4
-16.7446,-13.3787
-6.94557,-19.8162
-0.0412321,0.134864
-1.23791,-0.658208
4
10.4355,17.7522
1.26993,-1.51345
-0.531787,1.38535
-0.60435,0.930617
4
2.40818,-20.6906
-5.71172,20.1049
-1.70816,0.119446
0.930651,1.43308
4
-12.9933,-17.0543
0.181632,-0.473167
-0.182098,-0.16981
0.51173,-1.09741
4
-20.4895,-7.63116
-4.17844,-21.0832
0.41968,0.860472
-1.69938,0.686592
4
21.2212,-4.86193
-17.7709,-10.6031
-8.97263,-18.9981
-0.201114,0.298164
4
9.85987,19.385
-18.952,-10.9153
-0.925754,0.355364
-0.591308,-0.0726034
4
22.0467,-0.604311
-0.426675,1.59237
0.135128,-0.172956
-0.902562,1.50211
4
-5.08758,20.2068
10.7269,17.9113
0.696616,-0.060946
-0.899486,1.43948
4
-19.1777,8.17433
17.9146,-13.2215
18.435,10.2283
-1.51086,-0.872294
4
-16.8866,-12.6045
10.94,18.001
-1.12313,0.757562
-1.05167,-1.168
4
-5.59793,-19.3308
13.328,-15.1702
9.89703,-18.2674
-0.407361,-1.63384
4
7.63806,-20.2263
-0.155848,-0.625074
-0.504099,-0.268034
-0.604878,-0.05292
4
6.32918,-21.7476
21.0527,2.00576
11.7822,17.711
0.0547856,-0.257746
4
20.1243,-1.56869
-21.893,-0.0327275
-9.41909,18.377
1.48852,-0.0259823
4
-11.0692,19.3196
-12.0364,-18.0274
-0.309746,1.95566
-0.700703,-1.5738
4
-8.14641,19.5748
-0.498694,-1.44831
-0.00147274,-0.00276982
0.584675,-0.365346
4
16.9909,11.9869
-11.5593,16.9023
-5.80583,20.3475
1.13797,-0.796815
