25
25,25,-7
75,25,-7
125,25,-7
175,25,-7
225,25,-7
25,75,-7
75,75,-7
125,75,-7
175,75,-7
225,75,-7
25,125,-7
75,125,-7
125,125,-7
175,125,-7
225,125,-7
25,175,-7
75,175,-7
125,175,-7
175,175,-7
225,175,-7
25,225,-7
75,225,-7
125,225,-7
175,225,-7
225,225,-7
00000000000000077777777777777700000000000000000000
00000000000000000000000000000077777777777777700000
77777777777777700000000000000000000000000000000000
00000000000000077777777777777700000000000000000000
00000000000000000000000000000077777777777777700000
77777777777777700000000000000000000000000000000000
00000000000000077777777777777700000000000000000000
00000000000000000000000000000077777777777777700000
77777777777777700000000000000000000000000000000000
00000000000000077777777777777700000000000000000000
00000000000000000000000000000077777777777777700000
77777777777777700000000000000000000000000000000000
00000000000000077777777777777700000000000000000000
00000000000000000000000000000077777777777777700000
77777777777777700000000000000000000000000000000000
00000000000000077777777777777700000000000000000000
00000000000000000000000000000077777777777777700000
77777777777777700000000000000000000000000000000000
00000000000000077777777777777700000000000000000000
00000000000000000000000000000077777777777777700000
77777777777777700000000000000000000000000000000000
00000000000000077777777777777700000000000000000000
00000000000000000000000000000077777777777777700000
77777777777777700000000000000000000000000000000000
00000000000000077777777777777700000000000000000000
4
19.5828,-3.17401
1.6001,0.196467
-1.06683,0.543575
-0.944123,-1.63527
4
-11.9176,-15.4277
-20.928,3.01795
0.378621,0.0667611
1.14243,1.10323
4
-14.9934,-14.8744
0.51378,-0.76171
1.15175,1.11223
1.77472,0.576641
4
-13.8554,-17.6525
-16.2259,-12.9371
0.677599,-0.233316
-0.183552,-0.0895241
4
9.25015,-17.4206
0.862124,1.14408
0.711834,-0.979756
1.87066,0.065325
4
15.2032,-16.4458
11.1597,16.6552
-1.19308,0.866823
-1.87938,-0.164424
4
-9.81657,-18.7475
-21.2815,-5.81717
17.1508,14.3085
0.0978888,0.0565161
4
-19.0337,0.862505
-12.0791,18.0593
0.398488,0.152965
1.26044,-0.0440157
4
-18.9246,-10.7172
-0.314875,-1.17513
0.221186,-1.80142
0.777046,-1.66638
4
20.025,-9.69138
-2.77557,-20.8117
-0.081169,-1.16077
-0.606299,-1.57946
4
-19.457,4.88673
-14.8375,-14.6515
8.86,21.5515
-0.187677,-0.812918
4
12.0003,16.889
19.1236,-8.29928
-1.21979,-1.26313
-1.86694,0.362896
4
-20.8049,-6.19512
17.5742,-8.87526
19.7724,5.14647
1.30852,-1.50528
4
-6.73923,-20.9483
1.09125,0.312912
-0.752989,0.417389
0.208458,1.07243
4
13.1809,17.2614
-12.5535,-15.6257
13.8173,-15.7915
-0.346299,-1.62921
4
-9.07006,-19.8008
-16.9592,-12.7685
-7.08298,19.9397
0.153227,-0.21883
4
19.4807,-5.13582
-15.5854,-13.3917
0.116664,-0.228966
-0.0121489,0.00258234
4
12.9076,-17.211
-1.07927,1.3814
1.5839,0.51464
0.299023,0.278843
4
1.20487,-22.2725
-20.9372,0.597495
-14.8184,15.8543
-0.967403,0.628239
4
21.3493,7.78629
21.6666,5.74413
-13.8234,17.5145
0.776614,-0.0407006
4
-1,19.0197
-4.92596,-20.8491
0.335954,-22.4552
-0.462914,1.20593
4
-20.2849,6.00643
-8.31851,-18.752
15.1694,-12.5774
0.0197676,0.0342386
4
-19.5125,8.00851
1.61668,0.0564558
0.813194,0.450761
0.0109476,-0.0285194
4
-11.0101,17.9961
1.53842,-1.24579
-1.78778,0.686265
-0.394034,0.437619
4
-1.53578,21.3829
-18.259,-8.0849
0.0618331,-0.706756
1.09122,1.4481
