20
25,25,-7
75,25,-7
125,25,-7
175,25,-7
225,25,-7
275,25,-7
325,25,-7
375,25,-7
425,25,-7
475,25,-7
25,125,-7
75,125,-7
125,125,-7
175,125,-7
225,125,-7
275,125,-7
325,125,-7
375,125,-7
425,125,-7
475,125,-7
77777777777777700000000000000000000000000000000000
00000000000000077777777777777700000000000000000000
00000000000000000000000000000077777777777777700000
77777777777777700000000000000000000000000000000000
00000000000000077777777777777700000000000000000000
00000000000000000000000000000077777777777777700000
77777777777777700000000000000000000000000000000000
00000000000000077777777777777700000000000000000000
00000000000000000000000000000077777777777777700000
77777777777777700000000000000000000000000000000000
00000000000000077777777777777700000000000000000000
00000000000000000000000000000077777777777777700000
77777777777777700000000000000000000000000000000000
00000000000000077777777777777700000000000000000000
00000000000000000000000000000077777777777777700000
77777777777777700000000000000000000000000000000000
00000000000000077777777777777700000000000000000000
00000000000000000000000000000077777777777777700000
77777777777777700000000000000000000000000000000000
00000000000000077777777777777700000000000000000000
4
17.9203,12.5751
0.0874908,-0.151539
1.83532,-0.596333
0.209706,1.49213
4
20.8623,4.12842
-6.20403,22.4869
-0.825092,0.717241
-0.538502,-1.40285
4
3.85727,-20.3058
0.0248076,1.42122
-1.86709,-0.642892
-0.0220428,-0.0768725
4
-19.6233,-7.33921
-4.43203,20.7235
0.355736,0.12249
-0.260057,0.278877
4
-9.08315,19.2629
-1.688,-0.974565
0.0846552,-0.315937
-1.632,-0.761016
4
10.0931,-19.7099
-17.5958,-11.9575
0.86054,0.383137
-0.171663,-0.13901
4
12.7708,19.2335
-11.5798,-18.6061
0.0582708,20.9457
-0.143203,-0.164736
4
18.0488,-14.6784
21.7615,-7.21571
-0.241946,-0.112821
-1.02137,0.0714212
4
20.7387,4.19693
-0.634528,0.495748
-0.0615216,-0.152271
-0.516895,-0.0452224
4
-6.18028,20.6609
16.514,13.5792
-0.672531,0.118585
-0.161757,-1.53902
4
-19.0012,11.0084
-10.1237,16.8784
16.1011,13.3615
0.3467,0.533871
4
17.8326,-12.9139
21.1136,-6.71754
-0.19155,-0.184978
-1.23109,-0.217075
4
-19.0862,-9.35473
-10.899,-18.6231
-20.2012,-3.77144
-0.672304,-0.19278
4
8.7352,19.338
-0.708043,0.615492
0.933682,-1.55391
1.68976,-0.29795
4
-12.1143,-16.2315
20.9998,2.0019
6.20843,-21.1688
0.277519,1.20207
4
-20.1954,6.32508
3.0783,-21.6479
-5.33921,21.144
-0.0546112,0.0220643
4
-1.4595,21.9421
1.26145,20.9444
0.799112,-0.442955
1.64577,0.0574715
4
-13.9828,-15.997
0.970791,-1.61567
-0.864714,-1.10678
-0.626176,0.278792
4
13.2074,-16.5115
-21.4854,-9.00189
-22.1484,3.0803
-0.506436,0.524429
4
18.9414,-10.1184
16.551,-12.9922
-19.7365,-0.48952
-1.64926,0.666346
