19
0,0,-20,1,2,3,4,5,6
0,50,-20,7,8,2,0,6,18
43.3,25,-20,8,9,10,3,0,1
43.3,-25,-20,2,10,11,12,4,0
0,-50,-20,0,3,12,13,14,5
-43.3,-25,-20,6,0,4,14,15,16
-43.3,25,-20,18,1,0,5,16,17
0,100,-20,8,1,18
43.3,75,-20,9,2,1,7
86.6,50,-20,10,2,8
86.6,0,-20,11,3,2,9
86.6,-50,-20,12,3,10
43.3,-75,-20,13,4,3,11
0,-100,-20,14,4,12
-43.3,-75,-20,15,5,4,13
-86.6,-50,-20,16,5,14
-86.6,0,-20,17,6,5,15
-86.6,50,-20,18,6,16
-43.3,75,-20,7,1,6,17
77777777777777700000000000000000000000000000000000
33333333333333377777777777777733333333333333333333
22222222222222222222222222222277777777777777722222
00000000000000077777777777777700000000000000000000
11111111111111111111111111111177777777777777711111
00000000000000077777777777777700000000000000000000
11111111111111111111111111111177777777777777711111
66666666666666666666666666666677777777777777766666
77777777777777744444444444444444444444444444444444
66666666666666677777777777777766666666666666666666
77777777777777733333333333333333333333333333333333
44444444444444444444444444444477777777777777744444
77777777777777733333333333333333333333333333333333
11111111111111177777777777777711111111111111111111
77777777777777733333333333333333333333333333333333
33333333333333333333333333333377777777777777733333
77777777777777711111111111111111111111111111111111
11111111111111177777777777777711111111111111111111
77777777777777711111111111111111111111111111111111
4
20.6768,7.52573,2,7
-2.77672,-7.62898,0,0
-24.8879,-4.3884,2,7
-13.2324,-0.925301,2,7
4
-9.97712,0.174151,0,3
0.638091,-5.19683,0,3
1.4127,-13.4409,2,7
-5.08607,-26.1656,2,7
4
3.29544,-16.9536,2,7
12.4722,-3.81315,2,7
5.08633,-4.26794,0,2
9.45453,2.00962,0,2
4
7.75325,14.5817,2,7
25.0869,-10.1358,2,7
15.3136,-3.53543,2,7
1.64023,-2.0994,0,0
4
0.0715957,-0.681188,0,1
-13.2004,2.32759,2,7
5.92183,-0.518093,0,1
5.78774,12.4119,2,7
4
-2.50505,2.68634,0,0
-23.0944,9.33073,2,7
-10.9257,16.8241,2,7
20.5872,-11.886,2,7
4
5.25025,-0.459337,0,1
-16.4115,-21.7788,2,7
-13.0358,-12.5886,2,7
-4.08916,2.65553,0,1
4
-4.48419,2.09101,0,6
-13.3293,25.0689,2,7
3.30238,7.08198,0,6
-0.179004,-0.624259,0,6
4
-9.33103,9.01087,0,4
4.21751,-3.66623,0,4
4.24837,-11.0674,0,4
3.83853,4.57458,0,4
4
-3.50128,8.66596,0,6
-3.03259,-2.36932,0,6
24.3327,4.29052,2,7
-7.94952,4.22684,0,6
4
-2.72501,-6.12047,0,3
-12.6872,-2.92907,2,7
-12.3583,9.31263,2,7
-0.060145,-1.72233,0,3
4
19.4357,-7.85252,2,7
-12.1518,-1.2772,0,4
-0.179878,3.43228,0,4
-5.29113,6.534,0,4
4
-22.0529,15.4416,2,7
-1.67126,6.23722,0,3
-3.52331,-2.655,0,3
-10.75,-23.0535,2,7
4
-4.22219,13.8102,2,7
8.99785,-11.1114,2,7
-26.952,7.72836,2,7
-6.2049,9.55471,2,7
4
-1.18244,-1.40917,0,3
-1.71439,0.623987,0,3
-13.1958,2.56501,2,7
4.83001,7.43756,0,3
4
-4.56116,-1.48201,0,3
2.21508,-4.97515,0,3
4.06312,-3.06178,0,3
-2.14765,-24.5478,2,7
4
-6.73743,-27.0224,2,7
4.46354,-12.2635,2,7
-0.255856,-14.658,2,7
12.1283,-12.1283,2,7
4
-8.77888,4.86621,2,7
10.458,1.09918,2,7
-14.097,-21.7075,2,7
15.0209,1.31416,2,7
4
12.9712,-11.6793,2,7
16.0486,-1.97052,0,1
-17.8864,-9.9146,2,7
7.1967,2.33835,0,1
