19
0,0,-20,1,2,3,4,5,6
0,50,-20,7,8,2,0,6,18
43.3,25,-20,8,9,10,3,0,1
43.3,-25,-20,2,10,11,12,4,0
0,-50,-20,0,3,12,13,14,5
-43.3,-25,-20,6,0,4,14,15,16
-43.3,25,-20,18,1,0,5,16,17
0,100,-20,8,1,18
43.3,75,-20,9,2,1,7
86.6,50,-20,10,2,8
86.6,0,-20,11,3,2,9
86.6,-50,-20,12,3,10
43.3,-75,-20,13,4,3,11
0,-100,-20,14,4,12
-43.3,-75,-20,15,5,4,13
-86.6,-50,-20,16,5,14
-86.6,0,-20,17,6,5,15
-86.6,50,-20,18,6,16
-43.3,75,-20,7,1,6,17
77777777777777766666666666666666666666666666666666
55555555555555577777777777777755555555555555555555
55555555555555555555555555555577777777777777755555
55555555555555577777777777777755555555555555555555
55555555555555555555555555555577777777777777755555
66666666666666677777777777777766666666666666666666
55555555555555555555555555555577777777777777755555
66666666666666666666666666666677777777777777766666
77777777777777766666666666666666666666666666666666
66666666666666677777777777777766666666666666666666
77777777777777766666666666666666666666666666666666
66666666666666666666666666666677777777777777766666
77777777777777766666666666666666666666666666666666
66666666666666677777777777777766666666666666666666
77777777777777766666666666666666666666666666666666
66666666666666666666666666666677777777777777766666
77777777777777766666666666666666666666666666666666
66666666666666677777777777777766666666666666666666
77777777777777766666666666666666666666666666666666
4
12.3567,18.5937,2,7
2.15239,-0.658051,0,6
-0.583681,-2.746,0,6
-0.00588105,0.0276682,0,6
4
-18,-13.6226,2,7
1.83859,-0.458412,0,5
0.368021,0.722282,0,5
-0.120086,0.312834,0,5
4
-19.2607,5.17023,2,7
-0.281846,0.348051,0,5
-0.0787911,-0.257714,0,5
-0.600342,0.690614,0,5
4
18.0235,15.9541,2,7
-0.326973,-0.734393,0,5
0.762045,0.710619,0,5
-1.83161,0.128078,0,5
4
16.0434,16.4868,2,7
-1.63072,0.830894,0,5
-0.144146,0.0641778,0,5
-1.39879,0.840479,0,5
4
13.758,-14.283,2,7
1.56067,0.418181,0,6
-0.38142,1.79444,0,6
-0.285668,-2.71795,0,6
4
-17.3277,10.2485,2,7
-1.53032,1.37791,0,5
2.31207,-1.80639,0,5
1.30981,0.160824,0,5
4
19.2035,7.55206,2,7
-1.77407,-0.82726,0,6
-0.813927,0.218091,0,6
-0.0946552,0.222994,0,6
4
19.3793,-10.1713,2,7
0.0456689,0.170439,0,6
0.635795,0.112108,0,6
-1.60744,1.78524,0,6
4
-18.0712,12.2659,2,7
-0.748835,0.775441,0,6
-1.27645,-0.860979,0,6
0.450984,-0.155286,0,6
4
18.3509,-6.18843,2,7
-0.534476,0.374244,0,6
-1.253,1.34368,0,6
-0.896146,2.11119,0,6
4
-18.5252,-15.1775,2,7
0.427033,-0.0524331,0,6
-1.11317,-1.78144,0,6
-0.601873,0.116992,0,6
4
-14.6268,-15.467,2,7
-0.162026,0.145889,0,6
2.36085,-1.00212,0,6
0.386109,0.460147,0,6
4
14.6176,16.2111,2,7
-0.252628,0.404289,0,6
1.33186,0.187181,0,6
-0.318743,-0.490822,0,6
4
14.6391,17.568,2,7
0.710856,2.85109,0,6
-0.436327,-0.623139,0,6
-1.25989,2.58317,0,6
4
17.6499,-8.50869,2,7
-0.41984,-2.38103,0,6
1.15546,-2.1731,0,6
-0.00367913,0.0208654,0,6
4
-15.5383,-10.4618,2,7
-0.196487,-2.24586,0,6
-0.496069,1.2923,0,6
1.27337,1.27337,0,6
4
-20.7312,-10.5499,2,7
-0.0516069,0.738013,0,6
0.941112,1.16218,0,6
1.275,1.89026,0,6
4
-23.3229,0.604253,2,7
-0.635799,-0.218923,0,6
-0.0514777,-0.325017,0,6
-0.647955,-1.52649,0,6
