19
0,0,-20,1,2,3,4,5,6
0,50,-20,7,8,2,0,6,18
43.3,25,-20,8,9,10,3,0,1
43.3,-25,-20,2,10,11,12,4,0
0,-50,-20,0,3,12,13,14,5
-43.3,-25,-20,6,0,4,14,15,16
-43.3,25,-20,18,1,0,5,16,17
0,100,-20,8,1,18
43.3,75,-20,9,2,1,7
86.6,50,-20,10,2,8
86.6,0,-20,11,3,2,9
86.6,-50,-20,12,3,10
43.3,-75,-20,13,4,3,11
0,-100,-20,14,4,12
-43.3,-75,-20,15,5,4,13
-86.6,-50,-20,16,5,14
-86.6,0,-20,17,6,5,15
-86.6,50,-20,18,6,16
-43.3,75,-20,7,1,6,17
77777777777777722222222222222222222222222222222222
22222222222222277777777777777722222222222222222222
33333333333333333333333333333377777777777777733333
33333333333333377777777777777733333333333333333333
33333333333333333333333333333377777777777777733333
22222222222222277777777777777722222222222222222222
22222222222222222222222222222277777777777777722222
55555555555555555555555555555577777777777777755555
77777777777777722222222222222222222222222222222222
33333333333333377777777777777733333333333333333333
77777777777777733333333333333333333333333333333333
44444444444444444444444444444477777777777777744444
77777777777777722222222222222222222222222222222222
55555555555555577777777777777755555555555555555555
77777777777777733333333333333333333333333333333333
66666666666666666666666666666677777777777777766666
77777777777777733333333333333333333333333333333333
55555555555555577777777777777755555555555555555555
77777777777777744444444444444444444444444444444444
4
-13.2249,18.5678,2,7
16.5405,-14.1971,2,7
0.195947,0.92186,0,2
0.587428,-1.92139,0,2
4
12.7702,17.6926,2,7
14.4393,-12.9075,2,7
1.45406,1.61489,0,2
1.14917,-1.52501,0,2
4
9.819,19.9682,2,7
17.1665,-13.8152,2,7
2.02986,0.659542,0,3
0.367426,-0.957176,0,3
4
-18.411,11.0309,2,7
1.60951,-18.5916,2,7
2.61405,0.274748,0,3
1.91329,0.441718,0,3
4
-20.6988,4.17235,2,7
-18.5677,7.08293,2,7
-0.590424,2.55741,0,3
-1.68869,1.13904,0,3
4
13.9028,16.1079,2,7
13.6537,17.0659,2,7
0.821376,1.84484,0,2
0.0887755,-0.131615,0,2
4
21.2653,1.16032,2,7
-12.1405,-15.6245,2,7
2.43992,-0.985791,0,2
0.481321,-1.0322,0,2
4
21.5379,-4.75947,2,7
-19.5382,10.877,2,7
-0.511317,0.0537416,0,5
0.968614,-0.101805,0,5
4
-22.5371,-6.36698,2,7
19.2497,-13.4893,2,7
-1.61766,-1.1753,0,2
0.331293,1.01961,0,2
4
-20.0191,7.36499,2,7
-8.41753,-18.636,2,7
1.96831,-0.601771,0,3
-0.621763,-1.03479,0,3
4
2.64341,-19.9644,2,7
5.65481,21.4434,2,7
0.339309,-0.404373,0,3
-1.90761,1.71762,0,3
4
-23.1106,2.64901,2,7
6.05603,-20.868,2,7
0.895438,-2.10952,0,4
-0.706551,1.00906,0,4
4
-8.79392,-17.611,2,7
18.4564,-9.30428,2,7
-2.01502,1.63173,0,2
1.71314,-0.271335,0,2
4
-6.07898,-19.3568,2,7
19.6903,-1.56081,2,7
0.133415,0.0969316,0,5
0.541106,2.78375,0,5
4
16.4509,14.2924,2,7
-21.0863,-3.02151,2,7
-0.278001,-2.645,0,3
1.06771,1.31852,0,3
4
21.9755,10.3653,2,7
-2.36733,-22.1546,2,7
-1.86653,-0.295629,0,6
0.879563,0.373352,0,6
4
13.2831,15.9435,2,7
-18.1968,11.1835,2,7
-1.52301,-2.0211,0,3
0.888484,2.73447,0,3
4
-21.9354,-0.885152,2,7
-20.3115,7.88042,2,7
1.39726,1.60737,0,5
-0.0470688,0.447829,0,5
4
18.8235,-10.0823,2,7
19.3803,-6.74962,2,7
-2.00557,-0.317651,0,4
1.93134,1.86507,0,4




77777777777777700000000000000000000000000000000000
00000000000000077777777777777700000000000000000000
00000000000000000000000000000077777777777777700000
00000000000000077777777777777700000000000000000000
00000000000000000000000000000077777777777777700000
00000000000000077777777777777700000000000000000000
00000000000000000000000000000077777777777777700000
00000000000000000000000000000077777777777777700000
77777777777777700000000000000000000000000000000000
00000000000000077777777777777700000000000000000000
77777777777777700000000000000000000000000000000000
00000000000000000000000000000077777777777777700000
77777777777777700000000000000000000000000000000000
00000000000000077777777777777700000000000000000000
77777777777777700000000000000000000000000000000000
00000000000000000000000000000077777777777777700000
77777777777777700000000000000000000000000000000000
00000000000000077777777777777700000000000000000000
77777777777777700000000000000000000000000000000000