19
0,0,-20,1,2,3,4,5,6
0,50,-20,7,8,2,0,6,18
43.3,25,-20,8,9,10,3,0,1
43.3,-25,-20,2,10,11,12,4,0
0,-50,-20,0,3,12,13,14,5
-43.3,-25,-20,6,0,4,14,15,16
-43.3,25,-20,18,1,0,5,16,17
0,100,-20,8,1,18
43.3,75,-20,9,2,1,7
86.6,50,-20,10,2,8
86.6,0,-20,11,3,2,9
86.6,-50,-20,12,3,10
43.3,-75,-20,13,4,3,11
0,-100,-20,14,4,12
-43.3,-75,-20,15,5,4,13
-86.6,-50,-20,16,5,14
-86.6,0,-20,17,6,5,15
-86.6,50,-20,18,6,16
-43.3,75,-20,7,1,6,17
77777777777777700000000000000000000000000000000000
00000000000000077777777777777700000000000000000000
00000000000000000000000000000077777777777777700000
00000000000000077777777777777700000000000000000000
00000000000000000000000000000077777777777777700000
00000000000000077777777777777700000000000000000000
00000000000000000000000000000077777777777777700000
11111111111111111111111111111177777777777777711111
77777777777777700000000000000000000000000000000000
00000000000000077777777777777700000000000000000000
77777777777777700000000000000000000000000000000000
11111111111111111111111111111177777777777777711111
77777777777777700000000000000000000000000000000000
00000000000000077777777777777700000000000000000000
77777777777777700000000000000000000000000000000000
00000000000000000000000000000077777777777777700000
77777777777777700000000000000000000000000000000000
00000000000000077777777777777700000000000000000000
77777777777777700000000000000000000000000000000000
4
2.75484,-21.7817,2,7
19.219,6.00037,2,7
9.27439,18.8947,2,7
-1.93846,0.903918,0,0
4
17.1344,-12.1089,2,7
-20.1536,-0.376845,2,7
-17.4856,8.08259,2,7
0.425765,1.84419,0,0
4
-0.299777,-21.2527,2,7
-15.3578,14.5252,2,7
14.3647,15.9422,2,7
0.899823,0.49878,0,0
4
11.2846,-16.95,2,7
14.4829,18.2717,2,7
18.1206,8.83297,2,7
-0.443126,2.51309,0,0
4
-19.9977,-7.05505,2,7
16.0354,14.9242,2,7
16.1336,-14.7764,2,7
-1.65895,-1.11898,0,0
4
12.7318,-14.4483,2,7
-22.0117,0.671026,2,7
14.15,16.4722,2,7
-0.00891596,-0.00775053,0,0
4
-21.261,3.41382,2,7
-7.59473,-17.915,2,7
19.3244,-2.97075,2,7
0.235663,2.69363,0,0
4
20.7338,-3.84005,2,7
-18.7575,7.62494,2,7
15.724,14.2858,2,7
-2.90822,-0.460616,0,1
4
-11.1272,-17.1639,2,7
15.4523,-10.8698,2,7
12.9739,-16.7001,2,7
2.95554e-09,1.64663,0,0
4
20.9305,-7.39574,2,7
11.6127,20.0042,2,7
-12.6802,-17.355,2,7
-0.0322013,-0.922125,0,0
4
-23.6554,-0.807376,2,7
-1.77421,21.4953,2,7
-11.8456,-16.7429,2,7
0.726627,-1.48981,0,0
4
5.07087,21.3898,2,7
4.67501,20.8944,2,7
9.61443,-20.891,2,7
-0.0213789,0.074557,0,1
4
-21.6524,-4.40765,2,7
-16.1061,13.7236,2,7
11.0659,-18.4091,2,7
-2.34201,0.2049,0,0
4
-9.69602,-18.8844,2,7
-1.09634,-20.8478,2,7
20.7588,-8.36896,2,7
0.862913,0.183418,0,0
4
-19.3085,-3.70175,2,7
-3.83837,-20.0009,2,7
9.22728,17.8544,2,7
-0.810596,0.187141,0,0
4
15.4802,-13.0996,2,7
-18.7835,-9.79811,2,7
-13.0859,-19.6296,2,7
0.0091916,-0.0320549,0,0
4
-21.4782,-7.47162,2,7
5.10763,20.7441,2,7
-8.68561,-17.217,2,7
-0.0787507,-1.12619,0,0
4
0.0178871,22.1273,2,7
-15.8078,-15.829,2,7
18.3255,-8.34896,2,7
1.85853,2.13799,0,0
4
3.73481,22.7414,2,7
-11.5353,18.6455,2,7
-19.7801,-8.59271,2,7
-1.60738,-1.66449,0,0
