##SFR_4UE_1EDGE 
6 5 6 6 5 6 6 6 6 6 6 6 6 6 6 6 6 6 6 
10 round
77777777777777766666666666666666666666666666666666
55555555555555577777777777777755555555555555555555
66666666666666666666666666666677777777777777766666
66666666666666677777777777777766666666666666666666
55555555555555555555555555555577777777777777755555
66666666666666677777777777777766666666666666666666
66666666666666666666666666666677777777777777766666
66666666666666666666666666666677777777777777766666
77777777777777766666666666666666666666666666666666
66666666666666677777777777777766666666666666666666
77777777777777766666666666666666666666666666666666
66666666666666666666666666666677777777777777766666
77777777777777766666666666666666666666666666666666
66666666666666677777777777777766666666666666666666
77777777777777766666666666666666666666666666666666
66666666666666666666666666666677777777777777766666
77777777777777766666666666666666666666666666666666
66666666666666677777777777777766666666666666666666
77777777777777766666666666666666666666666666666666

##SFR_4UE_2EDGE
2 9 3 3 3 9 3 5 2 3 4 4 3 6 4 6 4 6 4 
7 round
77777777777777722222222222222222222222222222222222
22222222222222277777777777777722222222222222222222
33333333333333333333333333333377777777777777733333
33333333333333377777777777777733333333333333333333
33333333333333333333333333333377777777777777733333
22222222222222277777777777777722222222222222222222
33333333333333333333333333333377777777777777733333
55555555555555555555555555555577777777777777755555
77777777777777722222222222222222222222222222222222
33333333333333377777777777777733333333333333333333
77777777777777744444444444444444444444444444444444
44444444444444444444444444444477777777777777744444
77777777777777733333333333333333333333333333333333
66666666666666677777777777777766666666666666666666
77777777777777744444444444444444444444444444444444
66666666666666666666666666666677777777777777766666
77777777777777744444444444444444444444444444444444
66666666666666677777777777777766666666666666666666
77777777777777744444444444444444444444444444444444

##SFR_4UE_3EDGE
7 7 7 7 7 7 7 1 7 7 7 1 7 0 7 7 7 7 7 
77777777777777700000000000000000000000000000000000
00000000000000077777777777777700000000000000000000
00000000000000000000000000000077777777777777700000
00000000000000077777777777777700000000000000000000
00000000000000000000000000000077777777777777700000
00000000000000077777777777777700000000000000000000
00000000000000000000000000000077777777777777700000
11111111111111111111111111111177777777777777711111
77777777777777700000000000000000000000000000000000
00000000000000077777777777777700000000000000000000
77777777777777700000000000000000000000000000000000
11111111111111111111111111111177777777777777711111
77777777777777700000000000000000000000000000000000
00000000000000077777777777777700000000000000000000
77777777777777700000000000000000000000000000000000
00000000000000000000000000000077777777777777700000
77777777777777700000000000000000000000000000000000
00000000000000077777777777777700000000000000000000
77777777777777700000000000000000000000000000000000
3 round

##SFR_4UE_RANDOM
7 3 2 7 1 7 1 6 4 6 3 4 3 1 3 3 1 1 8
7 round
77777777777777700000000000000000000000000000000000
33333333333333377777777777777733333333333333333333
22222222222222222222222222222277777777777777722222
00000000000000077777777777777700000000000000000000
11111111111111111111111111111177777777777777711111
00000000000000077777777777777700000000000000000000
11111111111111111111111111111177777777777777711111
66666666666666666666666666666677777777777777766666
77777777777777744444444444444444444444444444444444
66666666666666677777777777777766666666666666666666
77777777777777733333333333333333333333333333333333
44444444444444444444444444444477777777777777744444
77777777777777733333333333333333333333333333333333
11111111111111177777777777777711111111111111111111
77777777777777733333333333333333333333333333333333
33333333333333333333333333333377777777777777733333
77777777777777711111111111111111111111111111111111
11111111111111177777777777777711111111111111111111
77777777777777711111111111111111111111111111111111

##SFR_semi_rand_4UE_12.5r
8 2 3 7 2 7 1 6 3 6 2 4 4 1 3 2 1 1 7
7 round
77777777777777711111111111111111111111111111111111
22222222222222277777777777777722222222222222222222
33333333333333333333333333333377777777777777733333
00000000000000077777777777777700000000000000000000
22222222222222222222222222222277777777777777722222
00000000000000077777777777777700000000000000000000
11111111111111111111111111111177777777777777711111
66666666666666666666666666666677777777777777766666
77777777777777733333333333333333333333333333333333
66666666666666677777777777777766666666666666666666
77777777777777722222222222222222222222222222222222
44444444444444444444444444444477777777777777744444
77777777777777744444444444444444444444444444444444
11111111111111177777777777777711111111111111111111
77777777777777733333333333333333333333333333333333
22222222222222222222222222222277777777777777722222
77777777777777711111111111111111111111111111111111
11111111111111177777777777777711111111111111111111
77777777777777700000000000000000000000000000000000

##SFR_semi_rand_4UE_25r
7 2 8 8 2 7 1 4 4 6 4 2 6 1 2 4 1 1 7 
7 round
77777777777777700000000000000000000000000000000000
22222222222222277777777777777722222222222222222222
11111111111111111111111111111177777777777777711111
11111111111111177777777777777711111111111111111111
22222222222222222222222222222277777777777777722222
00000000000000077777777777777700000000000000000000
11111111111111111111111111111177777777777777711111
44444444444444444444444444444477777777777777744444
77777777777777744444444444444444444444444444444444
66666666666666677777777777777766666666666666666666
77777777777777744444444444444444444444444444444444
22222222222222222222222222222277777777777777722222
77777777777777766666666666666666666666666666666666
11111111111111177777777777777711111111111111111111
77777777777777722222222222222222222222222222222222
44444444444444444444444444444477777777777777744444
77777777777777711111111111111111111111111111111111
11111111111111177777777777777711111111111111111111
77777777777777700000000000000000000000000000000000
