##SFR_4UE_1EDGE 
action list: 6 5 5 5 5 6 5 6 6 6 6 6 6 6 6 6 6 6 6
10round
77777777777777766666666666666666666666666666666666
55555555555555577777777777777755555555555555555555
55555555555555555555555555555577777777777777755555
55555555555555577777777777777755555555555555555555
55555555555555555555555555555577777777777777755555
66666666666666677777777777777766666666666666666666
55555555555555555555555555555577777777777777755555
66666666666666666666666666666677777777777777766666
77777777777777766666666666666666666666666666666666
66666666666666677777777777777766666666666666666666
77777777777777766666666666666666666666666666666666
66666666666666666666666666666677777777777777766666
77777777777777766666666666666666666666666666666666
66666666666666677777777777777766666666666666666666
77777777777777766666666666666666666666666666666666
66666666666666666666666666666677777777777777766666
77777777777777766666666666666666666666666666666666
66666666666666677777777777777766666666666666666666
77777777777777766666666666666666666666666666666666

##SFR_4UE_2EDGE
action list: 2 2 3 10 3 9 2 5 2 3 3 4 2 5 3 6 3 5 4
7round
77777777777777722222222222222222222222222222222222
22222222222222277777777777777722222222222222222222
33333333333333333333333333333377777777777777733333
33333333333333377777777777777733333333333333333333
33333333333333333333333333333377777777777777733333
22222222222222277777777777777722222222222222222222
22222222222222222222222222222277777777777777722222
55555555555555555555555555555577777777777777755555
77777777777777722222222222222222222222222222222222
33333333333333377777777777777733333333333333333333
77777777777777733333333333333333333333333333333333
44444444444444444444444444444477777777777777744444
77777777777777722222222222222222222222222222222222
55555555555555577777777777777755555555555555555555
77777777777777733333333333333333333333333333333333
66666666666666666666666666666677777777777777766666
77777777777777733333333333333333333333333333333333
55555555555555577777777777777755555555555555555555
77777777777777744444444444444444444444444444444444

##SFR_4UE_3EDGE
action list: 7 7 7 7 7 7 7 1 7 7 7 1 7 7 7 7 7 7 7
2round
77777777777777700000000000000000000000000000000000
00000000000000077777777777777700000000000000000000
00000000000000000000000000000077777777777777700000
00000000000000077777777777777700000000000000000000
00000000000000000000000000000077777777777777700000
00000000000000077777777777777700000000000000000000
00000000000000000000000000000077777777777777700000
11111111111111111111111111111177777777777777711111
77777777777777700000000000000000000000000000000000
00000000000000077777777777777700000000000000000000
77777777777777700000000000000000000000000000000000
11111111111111111111111111111177777777777777711111
77777777777777700000000000000000000000000000000000
00000000000000077777777777777700000000000000000000
77777777777777700000000000000000000000000000000000
00000000000000000000000000000077777777777777700000
77777777777777700000000000000000000000000000000000
00000000000000077777777777777700000000000000000000
77777777777777700000000000000000000000000000000000
